ID,Adoption,Died,Euthanasia,Return_to_owner,Transfer
1,0.155658980670366,0.00193767558133122,0.0657410968807788,0.183284154858609,0.593378092008915
2,0.514552502812314,0.000733525676593071,0.0511316554618484,0.30170374716075,0.131878568888495
3,0.680839525569458,0.00576741614113279,0.015944348890115,0.0519467680575288,0.245501941341765
4,0.226442230106042,0.000957755322662241,0.032074025050065,0.254131532461183,0.486394457060047
5,0.356529940933424,0.000669863928892279,0.020594266143612,0.41457787043025,0.207628058563821
6,0.203954698684476,0.000887766583834233,0.0143382783162057,0.562597318905622,0.218221937509862
7,0.32055812128781,0.00179089688205163,0.238757983176503,0.156014082555563,0.282878916098074
8,0.682052258666781,0.00399645732396617,0.0159727494733481,0.0520392972990848,0.24593923723682
9,0.703764789427667,0.000652491292339284,0.0155524187302847,0.173529713206386,0.106500587343322
10,0.531370475242689,0.000634199634417825,0.0422337103330526,0.236875198566356,0.188886416223485
11,0.62462960710303,0.000861760876213448,0.0170570944149423,0.179316782468974,0.17813475513684
12,0.0859137052511412,0.00160186149288168,0.309234626384414,0.359841761401829,0.243408045469734
13,0.607878538694479,0.000716533976255071,0.0281419987022053,0.214813321597359,0.148449607029701
14,0.693343537789844,0.000856772904800007,0.0322653485709587,0.0665335486168362,0.207000792117561
15,0.735375565101725,0.0018164460840677,0.0162222502758601,0.135498247108785,0.111087491429563
16,0.709271776580249,0.00067538582842794,0.0186897472064005,0.161125623225698,0.110237467159225
17,0.203657058823972,0.000633195806925302,0.0539851637556415,0.42391235662763,0.31781222498583
18,0.482966106549606,0.000564477650978038,0.0134545746356612,0.410879969668673,0.092134871495082
19,0.329907457813677,0.0151660853949807,0.043217749727154,0.178911243739284,0.432797463324904
20,0.0958408653992517,0.0016109553794374,0.220163423316377,0.0542373179236463,0.628147437981287
21,0.625337388326049,0.00260317337049891,0.0408780696676284,0.195895394375909,0.135285974259915
22,0.0855935348756049,0.00233740011683104,0.0444882878386286,0.0484382496330541,0.819142527535881
23,0.581402851441098,0.000632217462790677,0.0150691830302711,0.213090612315098,0.189805135750743
24,0.086646445120873,0.00147670626353962,0.0336237152902397,0.0490341022214022,0.829219031103946
25,0.622717259084965,0.000614138708549765,0.0177895391322414,0.201653466202961,0.157225596871283
26,0.652142003503164,0.000714123014298816,0.0166477269619657,0.0470447999209667,0.283451346599605
27,0.677547400965884,0.000620257701908213,0.0147841168365273,0.0481667262511181,0.258881498244562
28,0.0952332324652626,0.00188110241998414,0.04404703343073,0.0538934522825718,0.804945179401451
29,0.25560974089544,0.000840243615829458,0.0578307199401215,0.456191548631158,0.229527746917451
30,0.232033439441248,0.000683876086152863,0.0451816594310074,0.522608274364849,0.199492750676743
31,0.316882222162421,0.000834208477119708,0.0258651269022658,0.108607310635294,0.547811131822899
32,0.70608818500895,0.000866466946043205,0.0152462749610291,0.117477272796728,0.16032180028725
33,0.347871615953937,0.000756906848619354,0.169971053421453,0.0532184541796277,0.428181969596363
34,0.825860396059666,0.00227929340664798,0.0154747521838229,0.0504168196507011,0.105968738699162
35,0.180270539498003,0.0032769803283949,0.0611527531244856,0.0565410118347581,0.698758715214358
36,0.580436626166386,0.000822856633730725,0.0164636684224149,0.160693614577031,0.241583234200438
37,0.295120198178251,0.0294593230090505,0.184000281030482,0.0556471075811133,0.435773090201103
38,0.670144903426923,0.000643311663402334,0.0169322893397617,0.163846204035254,0.148433291534659
39,0.396644334658186,0.000702045014109299,0.0167335536199907,0.357559986753823,0.228360079953891
40,0.636440790262268,0.00069707727096239,0.0166151452634773,0.0653818018754086,0.280865185327884
41,0.155679554376203,0.00122375715809217,0.0308115693188044,0.270252664572525,0.542032454574375
42,0.0867499382601395,0.00312466362016393,0.0308232526425899,0.0490926700387307,0.830209475438376
43,0.769126156358923,0.00207143495744209,0.015917431342711,0.0518590705540866,0.161025906786838
44,0.0854238604838733,0.0157273041436046,0.0329878871703204,0.0483422291736236,0.817518719028578
45,0.295582060119352,0.000990349926199787,0.197781157796694,0.0557341950840449,0.44991223707371
46,0.571992014902559,0.000869946582307094,0.0235136210279537,0.0714890426130477,0.332135374874132
47,0.35490810165989,0.0399385550403661,0.0485960464177009,0.177826544717663,0.37873075216438
48,0.401993562389908,0.00196714090336249,0.0938282992432506,0.339180201462528,0.163030796000951
49,0.203329186784392,0.000767983057098504,0.0352698293256901,0.388787343654931,0.371845657177888
50,0.219273290819223,0.00169375725093921,0.0612162155022238,0.133321757364154,0.584494979063459
51,0.160732803576436,0.0399992945955276,0.0811343012684592,0.0646574315007843,0.653476169058793
52,0.393239552769537,0.000768996565509582,0.0183293734788065,0.37023802842994,0.217424048756206
53,0.786176508260969,0.00171038001496433,0.0152180512174861,0.0495804866244772,0.147314573882103
54,0.1652110872365,0.00318555386316413,0.050817162740055,0.0518176850454018,0.728968511114879
55,0.0813135273766723,0.00422806392429234,0.331052546031598,0.0460161499737055,0.537389712693731
56,0.373321588613599,0.00157240319184276,0.0484634951949052,0.177415219186383,0.39922729381327
57,0.649778590947199,0.000626253044807332,0.0270390843884469,0.150413726978889,0.172142344640657
58,0.0857789853038597,0.00660277374772843,0.0381577280388571,0.0485431979115826,0.820917314997972
59,0.0886880605362422,0.00245882698083904,0.156958854442612,0.0501894730947756,0.701704784945531
60,0.655844654022113,0.000645754012205566,0.0174493735232305,0.102542645517258,0.223517572925193
61,0.630688149419913,0.00118357224306006,0.0986422132292434,0.0671855537584761,0.202300511349307
62,0.182667019545866,0.00330584736093293,0.136938015231217,0.46184178291296,0.215247334949025
63,0.589616553564707,0.000748373859575088,0.0152798685962068,0.225017974523933,0.169337229455578
64,0.079717322247179,0.0788366805254573,0.033426834453591,0.045112841299279,0.762906321474494
65,0.0788380844893777,0.062124513478426,0.130705227479389,0.0446152717332939,0.683716902819514
66,0.753870524888423,0.000931348541422005,0.0146938310506032,0.129883185430386,0.100621110089166
67,0.826888457592246,0.000866404182726958,0.0155094030763907,0.0505297124311846,0.106206022717451
68,0.0933055699257399,0.00584975528249192,0.101009708229383,0.443758193537289,0.356076773025097
69,0.329521030133776,0.000675220185721805,0.0305103401811222,0.395891186238047,0.243402223261333
70,0.0942313787794975,0.00201128212994835,0.0621126387020771,0.0533264931191559,0.788318207269321
71,0.1003905723383,0.00169736323720925,0.0188707248455318,0.0568120432319439,0.822229296347015
72,0.708865621621492,0.000605860199327822,0.0183197855872102,0.100023238822564,0.172185493769407
73,0.083464166701784,0.0105166586407293,0.0600217904142817,0.047233218583523,0.798764165659682
74,0.294663996449762,0.00267953416176676,0.0192952929000583,0.446710237646054,0.236650938842359
75,0.0871761121423425,0.00172370475025784,0.0274783157205931,0.0493338461617082,0.834288021225098
76,0.171725208280264,0.0268974216223558,0.106397293621418,0.0690793082947685,0.625900768181194
77,0.763037594811483,0.000748988825538538,0.0154030335312427,0.0501831599235679,0.170627222908167
78,0.311386821433947,0.00568704005346084,0.174532498534606,0.0614234022291324,0.446970237748854
79,0.445252160672163,0.000929475925349467,0.0214516158160437,0.267444273028874,0.26492247455757
80,0.701682970531556,0.00223867713034525,0.015536695187959,0.0506186302665389,0.229923026883601
81,0.0857695046478223,0.0122068290248484,0.032659249868809,0.0485378327121607,0.82082658374636
82,0.0862779331868371,0.00528945319772157,0.0339147375217465,0.0488255575798059,0.825692318513889
83,0.658685714148717,0.000568823338448587,0.0146015325545379,0.175987537789902,0.150156392168395
84,0.083435912872524,0.0235052265257251,0.0473478587258936,0.0472172294549426,0.798493772420915
85,0.767560396255697,0.000754775350754079,0.0212109286091488,0.0872783581559718,0.123195541628429
86,0.0850225051446926,0.00425372793488129,0.12225931498784,0.0481150981158977,0.740349353816689
87,0.0911092335041241,0.00264602299193929,0.312586644731094,0.465138133475301,0.128519965297542
88,0.519894662329101,0.000853466369601115,0.042491608295759,0.238321664686528,0.198438598319011
89,0.0821043070111571,0.00384969275742222,0.152643741868327,0.0464636601904009,0.714938598172693
90,0.766649476235118,0.000731486330706193,0.0167580732603517,0.0574225392720469,0.158438424901778
91,0.0818563388968697,0.00847107467452213,0.226664742009287,0.0463233325191773,0.636684511900144
92,0.0722159896786509,0.00398564733477907,0.27647456570923,0.0408677611064468,0.606456036170893
93,0.700515981741559,0.000722171713486943,0.0217816252807874,0.0628483606498934,0.214131860614273
94,0.537064639039079,0.00135914258451361,0.0166611511824887,0.291757877935114,0.153157189258804
95,0.290551463637416,0.00355988151488347,0.206757171295794,0.0547856387149604,0.444345844836947
96,0.48004278094676,0.000551179471882518,0.0193250085819347,0.410116707833334,0.0899643231660888
97,0.455087696488089,0.000719941048913219,0.0406134545677434,0.358684785517929,0.144894122377326
98,0.0855241997214705,0.0150319652087612,0.0325658428365932,0.0483990121660048,0.81847898006717
99,0.163277328882774,0.00595216825445983,0.0524463956724057,0.0512111707792989,0.727112936411062
100,0.251741563384142,0.000597263125262821,0.0142360309253228,0.525215196949063,0.208209945616209
101,0.683259050125848,0.000645973138839088,0.0153970556568253,0.0501636839789572,0.25053423709953
102,0.826981280473077,0.000754245816206082,0.0155111440941305,0.050535384675648,0.106217944940938
103,0.400821950929018,0.00101195353968453,0.0309304767774752,0.373961892134599,0.193273726619224
104,0.608783396539579,0.000753010140572494,0.0171150111807767,0.183663737825796,0.189684844313276
105,0.658859792749501,0.00241894508146499,0.015429613015608,0.0502697560159471,0.273021893137479
106,0.658792896818199,0.000705346629781726,0.0166454626258631,0.177937407407247,0.145918886518908
107,0.476537192603913,0.000630994194692595,0.0178097477298335,0.3417856356577,0.16323642981386
108,0.108537367462364,0.000790955041338118,0.0780792867719042,0.549967463601687,0.262624927122707
109,0.811120711716798,0.000767419492789575,0.0178652689813626,0.0612164115617696,0.10903018824728
110,0.309575099255252,0.000686427469998313,0.0526217500062807,0.341072650789616,0.296044072478853
111,0.379663334734084,0.00103951486223153,0.0154068104386956,0.443037002075456,0.160853337889532
112,0.580669615107671,0.000727831527598865,0.0285857120302415,0.239226637608802,0.150790203725687
113,0.176799906172524,0.00084729137467899,0.0310209224548617,0.469583163172149,0.321748716825786
114,0.283209529215648,0.00065411850268568,0.0537741799122197,0.489466657007101,0.172895515362346
115,0.0869278881736195,0.00629551357924986,0.0857163113702357,0.0491933736998642,0.771866913177031
116,0.651317765526885,0.00108983962832028,0.0150443089210296,0.153184539071622,0.179363546852143
117,0.721885169386595,0.000606150556109715,0.0144478667729274,0.122368398420455,0.140692414863913
118,0.0999103142068017,0.000728086266980334,0.111932394738595,0.483838927794953,0.30359027699267
119,0.185467033688798,0.000661791625067843,0.0157740962769795,0.411695615183609,0.386401463225546
120,0.359635697706225,0.000892873822158309,0.155066324277723,0.0550181590620818,0.429386945131813
121,0.671041386159418,0.00191116281628258,0.0160344758527461,0.0522404021504475,0.258772573021105
122,0.785312769655661,0.000992346102618271,0.0149191372464453,0.0486066234187845,0.150169123576491
123,0.687051172307235,0.000638239345436798,0.0152127172682857,0.0495631085914291,0.247534762487613
124,0.0849753277114475,0.0146576506700195,0.0390524262670746,0.0480883999278641,0.813226195423594
125,0.0898270305641171,0.000754705605276019,0.0242641028828403,0.0531818605106404,0.831972300437126
126,0.687825807682639,0.000628165044471066,0.0155621514645651,0.151045410547604,0.14493846526072
127,0.291324497173537,0.00413893800215879,0.20617346208231,0.0549313999356897,0.443431702806304
128,0.771350730255495,0.00228603678424048,0.0157477416426203,0.0513062206664485,0.159309270651196
129,0.818103263397864,0.000898983429528556,0.0162975114351713,0.0530973733874223,0.111602868350014
130,0.818279383529288,0.000683898353821364,0.0163010199407406,0.0531088041160328,0.111626894060117
131,0.26253244870207,0.000657752208652936,0.0374724411548928,0.513000181243184,0.1863371766912
132,0.817947453101772,0.00108926530735761,0.0162944075237265,0.0530872608284834,0.11158161323866
133,0.656160454229587,0.000815587195771419,0.0170473705593727,0.0481741524819897,0.277802435533279
134,0.325896169158169,0.000729379889288405,0.0219647083184716,0.364966311581346,0.286443431052725
135,0.644318177876193,0.000895301719391843,0.0281818365719271,0.154101757625472,0.172502926207016
136,0.315983491546371,0.000598184458288359,0.0267962938008378,0.558985484089868,0.0976365461046348
137,0.639810233591612,0.000767728543189226,0.0351024295875449,0.153023591338403,0.171296016939251
138,0.0860584271050739,0.00647357325003162,0.0351750492688511,0.048701336861502,0.823591613514541
139,0.592901896892981,0.00356270849429921,0.0188775820757116,0.210102015815714,0.174555796721294
140,0.402469956796406,0.000614847602461579,0.0208209831359834,0.24661289499951,0.329481317465639
141,0.655198000568608,0.000726578037071109,0.014834853982794,0.151602477835558,0.177638089575969
142,0.161349128146804,0.00543181005617889,0.0706844515188249,0.05060639963402,0.711928210644172
143,0.371757405879668,0.000720757430314588,0.045205141731318,0.36645951618061,0.21585717877809
144,0.178857603450615,0.00065769226921512,0.0392358582674901,0.554637245750879,0.226611600261801
145,0.500621165382822,0.000762619314040184,0.0434524206925537,0.243710550140375,0.211453244470209
146,0.257019417855192,0.00069696298773457,0.118069649253191,0.416634473087484,0.207579496816398
147,0.524433463821322,0.00076859479730972,0.0195858079135989,0.0948720776421182,0.360340055825651
148,0.477359002610124,0.000678998886042843,0.014510798141645,0.408083471669528,0.0993677286926602
149,0.089833605373012,0.00215296560616509,0.0583150082045823,0.0508377485381248,0.798860672278116
150,0.162119743772226,0.00676619207343823,0.0649375309704849,0.0508480996218184,0.715328433562032
151,0.340234350790493,0.000912363959804844,0.175359601332556,0.0562191254994076,0.427274558417739
152,0.0693139081262862,0.00516020208740847,0.311014446321127,0.0392254437177186,0.57528599974746
153,0.613470168149926,0.000636475484883025,0.0167523576530657,0.194188743896709,0.174952254815417
154,0.0914079231077244,0.00460467402449899,0.081660405161331,0.327589339611511,0.494737658094934
155,0.624595594331496,0.00064444553159291,0.0174140161479349,0.0500450561250515,0.307300887863925
156,0.650948142205722,0.000871817499498291,0.0149124760365267,0.128240715837171,0.205026848421082
157,0.25560974089544,0.000840243615829458,0.0578307199401215,0.456191548631158,0.229527746917451
158,0.0866407266367646,0.0114582116990365,0.0237058912082914,0.0490308660732379,0.82916430438267
159,0.490044205901601,0.00455384291232196,0.0715456988171408,0.171919794381365,0.261936457987571
160,0.333919737473508,0.000670518627190596,0.0202819060163981,0.472533681170234,0.17259415671267
161,0.382883379726475,0.00079065454335904,0.0188456009661625,0.338181214058126,0.259299150705878
162,0.627464726526926,0.000804476729481559,0.0145204431086789,0.171093403766838,0.186116949868076
163,0.0872253890873891,0.00282041260641461,0.0301220566840811,0.0493617324847674,0.830470409137348
164,0.778847399463629,0.000713121319486551,0.0152400242920574,0.049652075010816,0.155547379914011
165,0.380809030106042,0.000641964937640977,0.0168214544739166,0.377346127209687,0.224381423272714
166,0.714228043019386,0.00138084682101939,0.0150166897028764,0.0489244498074687,0.220449970649249
167,0.580434357442868,0.00113268556290687,0.0285741305600147,0.239129715196025,0.150729111238185
168,0.483872293447741,0.000618350616368373,0.020939607967871,0.347230648557894,0.147339099410125
169,0.738529488058844,0.000763902009215433,0.0179896390131519,0.135046393632023,0.107670577286766
170,0.60407858865137,0.000868664125181611,0.0151751900210416,0.185520502948281,0.194357054254125
171,0.0673140566593525,0.0044426704611046,0.359904743386343,0.0380937074864116,0.530244822006789
172,0.359598998548849,0.0013301361445102,0.022060219767292,0.348046858752276,0.268963786787073
173,0.401102011125189,0.000669552011541076,0.0800635926089562,0.408879581258116,0.109285262996197
174,0.223415344679051,0.00145471221697305,0.129330069026528,0.438169754890019,0.207630119187429
175,0.386917979750894,0.000608165041764517,0.0144958829300739,0.330639564181612,0.267338408095656
176,0.171462855754291,0.0703976628064608,0.0670517985189676,0.0537785230100351,0.637309159910245
177,0.342099397803211,0.000864812752660229,0.0248885152267926,0.343363361791656,0.28878391242568
178,0.798642095915959,0.00115314616257737,0.0198276934338046,0.0714082188808788,0.10896884560678
179,0.341285935463043,0.00118889579750795,0.0943559108886342,0.0923248808414546,0.470844377009361
180,0.113568538406029,0.000827619188578521,0.0266093337048587,0.0642695879048241,0.79472492079571
181,0.0861854577692808,0.00931215268881582,0.0309218493667348,0.0487732248029552,0.824807315372213
182,0.244961605969164,0.00995874872013098,0.0875234515740188,0.0768310623617859,0.5807251313749
183,0.582146313618281,0.000829716785027165,0.0156731069820235,0.156286977892852,0.245063884721817
184,0.0978952450894103,0.0006452382266824,0.0528745717317379,0.183670993975487,0.664913950976682
185,0.58081563758571,0.00384930960283589,0.0152860558501438,0.246186640711165,0.153862356250146
186,0.297151693404878,0.000825693883758296,0.015876692177612,0.519751202819437,0.166394717714314
187,0.0849933449933138,0.012554553125856,0.0409548823694189,0.0480985960904366,0.813398623420975
188,0.345966887666574,0.000682750058980131,0.0191750971262258,0.422553078736724,0.211622186411496
189,0.618084277668265,0.000641262624902962,0.0168783576069587,0.167688162884228,0.196707939215646
190,0.706013537702396,0.00090714989385209,0.0191595675372639,0.171777249722487,0.102142495144002
191,0.489731277477201,0.000663454260880473,0.0183574309714708,0.382957858115586,0.108289979174862
192,0.517158142572483,0.00095555901917883,0.0428770668249955,0.298310933806582,0.140698297776761
193,0.15812124490956,0.00150596730577736,0.0395833509867274,0.238618928060545,0.56217050873739
194,0.613937363136222,0.0006577520698261,0.0167297289660902,0.0510783885326238,0.317596767295238
195,0.687685679742919,0.000647780032785857,0.0176656754296201,0.0926986615729724,0.201302203221702
196,0.687051172307235,0.000638239345436798,0.0152127172682857,0.0495631085914291,0.247534762487613
197,0.707966106838836,0.000588761529620792,0.0160561758024516,0.179290433985275,0.096098521843817
198,0.583098604385777,0.000631140241288974,0.0246219411643102,0.240227342523732,0.151420971684891
199,0.46748157472413,0.00071959517051808,0.0557774265612096,0.278147682171852,0.19787372137229
200,0.622260617359592,0.000696695002509123,0.0186311745114371,0.187669610959789,0.170741902166672
201,0.085556252464701,0.00520231384882758,0.0420385530850018,0.0484171511385368,0.818785729462933
202,0.366616706071696,0.0021735658322656,0.0403394748470539,0.181792658584202,0.409077594664783
203,0.6867838782294,0.00074059327383663,0.0170324618488923,0.189819591637171,0.105623475010701
204,0.73300179235263,0.000830052974295454,0.0214989154436575,0.074443643965984,0.170225595263433
205,0.114702714295726,0.00631392258345404,0.0968278639112829,0.500191602591259,0.281963896618277
206,0.410756849502508,0.00164616682693876,0.0597020540099817,0.160936000624091,0.366958929036481
207,0.542312068993117,0.000625322606102905,0.021676502406754,0.26839420025318,0.166991905740846
208,0.119812643399171,0.00906763996486948,0.0811471140009659,0.495447403258565,0.294525199376428
209,0.449736849234591,0.000791614008162528,0.0263224853323098,0.29314148161596,0.230007569808976
210,0.748623490090535,0.00112430502784352,0.0175518125163848,0.112508261845058,0.120192130520179
211,0.0895592389855362,0.0164384603351691,0.131104092901519,0.0506824818163241,0.712215725961451
212,0.142447046371937,0.000692949219091259,0.0212154236978417,0.42598811587531,0.40965646483582
213,0.461245151120734,0.000843996012338417,0.0204180356357576,0.352232375357143,0.165260441874028
214,0.624108898773271,0.000914376114562458,0.0160199771870936,0.0580745739141934,0.30088217401088
215,0.0868274322013907,0.00414471369430866,0.0289402257764816,0.0491365246461708,0.830951103681648
216,0.642084581882007,0.00086900056397068,0.0329601280264817,0.0674830996021022,0.256603189925438
217,0.721525808693004,0.00607904226550248,0.0184521253790543,0.0482474353492839,0.205695588313155
218,0.67527648205726,0.000638426184941716,0.0152171706705763,0.0495776177982614,0.25929030328896
219,0.619401381902441,0.000664229453445813,0.0158322029952943,0.149118614443768,0.214983571205051
220,0.377409123271035,0.00065895919920317,0.0185069286787253,0.40782894812359,0.195596040727447
221,0.0920494237658714,0.000588052444293194,0.239391761210085,0.474489679030666,0.193481083549085
222,0.0819540923637309,0.0440654533233137,0.106949824843977,0.0463786521976694,0.720651977271309
223,0.173175325142919,0.0458891652650208,0.0715443958568583,0.0640985572480836,0.645292556487119
224,0.606829742028303,0.000669175976326303,0.019350073635536,0.176290321582313,0.196860686777521
225,0.111034145785038,0.00197201237517593,0.129741165535649,0.52807471187132,0.229177964432817
226,0.502922168009101,0.000736492868029407,0.0294093884692005,0.180303010259802,0.286628940393867
227,0.0876786143335471,0.00272855983404094,0.0964966875916046,0.0496182172490117,0.763477920991796
228,0.0917073465080979,0.0089597766836595,0.0434535334169879,0.0552059599735764,0.800673383417678
229,0.373502385603845,0.000621456455821435,0.0845670920868555,0.352940153825234,0.188368912028244
230,0.0885997905555946,0.0432869805761569,0.0873482717589178,0.0501395202173307,0.730625436892
231,0.827067979244347,0.000820413971286894,0.0154973795559713,0.0504905397418034,0.106123687486591
232,0.626803606404743,0.000660122582123211,0.0180022703531007,0.0944649058936727,0.260069094766361
233,0.0860122708438583,0.0140613171748579,0.02810130400753,0.0486752165650784,0.823149891408675
234,0.0813919824835813,0.000593135805437844,0.285939517139796,0.364843780419229,0.267231584151957
235,0.391258076900486,0.000997847643314415,0.0207658564566675,0.473259067980635,0.113719151018898
236,0.660814717287533,0.00113440531021422,0.0154753947273295,0.0504189130606445,0.272156569614279
237,0.504734408377556,0.00114196193777763,0.0186476310722433,0.309882486341762,0.165593512270662
238,0.097257702590508,0.000878574885503962,0.144565862812967,0.0582365703007269,0.699061289410294
239,0.723684850224255,0.00382180872175211,0.0145166732519535,0.158568707251595,0.0994079605504452
240,0.721846301114178,0.00068457597384329,0.0136969568954049,0.0566055386018936,0.207166627414681
241,0.761071119951307,0.000995021024846746,0.0185389615097926,0.0546973279504096,0.164697569563645
242,0.329989502816699,0.00114459725514139,0.0224993070906029,0.369550375552655,0.276816217284901
243,0.730284560246933,0.000818732914160896,0.015995146818364,0.0452006741518283,0.207700885868714
244,0.423988761964542,0.000992060581292297,0.0456452275923792,0.166120311183554,0.363253638678232
245,0.238551468928808,0.00312719736378539,0.0492184746023991,0.505726091286756,0.203376767818251
246,0.329490398770567,0.000675157419121608,0.0363072534041623,0.36610837353811,0.267418816868039
247,0.679982413207435,0.000953494672475716,0.01505620049347,0.0490531761599138,0.254954715466706
248,0.67990865467378,0.00229186282183206,0.0156774960542011,0.051077360189685,0.251044626260502
249,0.232422294621774,0.000807497138325011,0.0273102807414806,0.539632855226631,0.199827072271789
250,0.785003006473757,0.000898762540734534,0.0153604735616208,0.0500444993306692,0.148693258093218
251,0.0840252618451042,0.0157258542408074,0.0605297394461881,0.0788533100266072,0.760865834441293
252,0.260932282291312,0.000738512448738099,0.0739034383196515,0.408439478847704,0.255986288092594
253,0.085056620494075,0.0114740994469642,0.0413306965916636,0.0481344043381738,0.814004179129124
254,0.23523391173042,0.000985899520982255,0.143708075875375,0.413512696034655,0.206559416838568
255,0.085471830402991,0.0181946738984177,0.0299863217578533,0.0483693758374514,0.817977798103287
256,0.418268149117182,0.000636140655164673,0.0237972496084568,0.445071297520886,0.112227163098311
257,0.426326472346336,0.00331790610114436,0.0549163033978458,0.0769486707391045,0.438490647415569
258,0.687051172307235,0.000638239345436798,0.0152127172682857,0.0495631085914291,0.247534762487613
259,0.628102388983873,0.000814019199406938,0.0167548280529111,0.185737201120685,0.168591562643124
260,0.625825070916834,0.000624564596765639,0.0158856154241629,0.0485011824375576,0.30916356662468
261,0.641718047572466,0.000648586808605813,0.0154593536324643,0.149457865755875,0.192716146230589
262,0.602761395365959,0.000626986281749411,0.028516359579603,0.21767089061372,0.150424368158968
263,0.618444552363826,0.000641636410008504,0.0168881958205618,0.1768545548016,0.187171060604005
264,0.382462271706143,0.00138583533238046,0.0360753829363766,0.329751894449005,0.250324615576095
265,0.525362676726213,0.00547703539604265,0.0167826256941732,0.280491019802382,0.171886642381189
266,0.331923362379114,0.00183453331652642,0.053082901287535,0.180004483629804,0.433154719387021
267,0.0797441250056079,0.0084836172051159,0.196898057469542,0.0451280092521568,0.669746191067577
268,0.0844150993308389,0.00845231206783713,0.12430097342538,0.0477713610044118,0.735060254171532
269,0.089229696127923,0.0024152766740507,0.0747382801890538,0.0504959901703714,0.783120756838601
270,0.671591836372542,0.000977716637339813,0.0151341381887191,0.0493070975590218,0.262989211242377
271,0.0962026728596465,0.00957260106608586,0.175554662649818,0.0544420684355999,0.664227994988849
272,0.291616405160817,0.016417699008762,0.206380048486581,0.0549864413570233,0.430599405986816
273,0.102430552489627,0.000746452247488066,0.0201757160955233,0.194733782083324,0.681913497084037
274,0.326547512113363,0.000855105424795458,0.0290175460355141,0.104871883848897,0.538707952577431
275,0.547799501598566,0.00373478885132522,0.131651538944499,0.0559040094002835,0.260910161205326
276,0.0728923959373995,0.00486252628918351,0.268858165251604,0.0412505462696282,0.612136366252185
277,0.0866328942891659,0.00422047134866572,0.0310308530123031,0.0490264336682817,0.829089347681583
278,0.420481214719021,0.000981311825582813,0.191929349769888,0.0554054668800348,0.331202656805474
279,0.640530763955544,0.000885939418572441,0.0322664297562577,0.131562026824475,0.19475484004515
280,0.173482262588143,0.0475833522312928,0.0670538380155283,0.0544119005214685,0.657468646643567
281,0.458043575982716,0.000704942281211953,0.0344017348810714,0.361014510119866,0.145835236735135
282,0.259534991674765,0.000700225671994095,0.0638730744999115,0.433176543490645,0.242715164662685
283,0.0940558061966362,0.000685422134493423,0.0763742790461398,0.0532271348135348,0.775657357809196
284,0.78693524515324,0.000746933313244615,0.0152327381189209,0.0496283366224655,0.147456746792129
285,0.198647541551206,0.00148167259780287,0.11977222860574,0.47717354387169,0.20292501337356
286,0.181285785599137,0.000654305002307279,0.0502748444645003,0.616743493297255,0.151041571636801
287,0.0888413313398605,0.024907680296972,0.0955108270097054,0.0502762105972974,0.740463950756165
288,0.0862291091947902,0.00585235193708877,0.033895545443148,0.0487979275874439,0.825225065837529
289,0.619311576174272,0.00073273525007333,0.0149431869980255,0.165443487093448,0.199569014484181
290,0.580535654824487,0.00741257556704478,0.019760630355769,0.211676533758496,0.180614605494203
291,0.729910030961157,0.00105609114477771,0.0167639965823277,0.0473733661594274,0.20489651515231
292,0.828190454433151,0.000769737905938907,0.0154008719575921,0.0501761175058535,0.105462818197465
293,0.640886710745119,0.000605913086850485,0.0156049955116691,0.0470527809594472,0.295849599696914
294,0.104510867992787,0.00220598906161953,0.137603516114687,0.13600729271777,0.619672334113136
295,0.348427473792165,0.000755398936259745,0.0773757574352855,0.467824950121703,0.105616419714586
296,0.0956332861910583,0.000696917859729534,0.0731120375453906,0.071362043875727,0.759195714528095
297,0.183703774762637,0.00061412632328772,0.0472023368509938,0.475020612286668,0.293459149776413
298,0.0980771839062441,0.000846147289973519,0.025397813331882,0.0590404727125225,0.816638382759378
299,0.559199866647791,0.00209296895834612,0.0231647336334745,0.285145205163308,0.13039722559708
300,0.333471970770653,0.0110405991376579,0.05394837610619,0.180844305364152,0.420694748621348
301,0.36455130272916,0.000677018320408153,0.0809563977997738,0.443311356252047,0.110503924898611
302,0.676246341350842,0.000815208381750557,0.0152390261842644,0.0496488231706575,0.258050600912485
303,0.776054524850348,0.000744610874016741,0.0151853749769536,0.0494740272701546,0.158541462028527
304,0.289997497476246,0.000776504876830078,0.0302709872993646,0.506424238645724,0.172530771701835
305,0.0754956481915607,0.00991175130188073,0.33370645391775,0.042723753127227,0.538162393461581
306,0.337727215891383,0.000449999353256802,0.173698143056268,0.414675086143883,0.0734495555552093
307,0.818103263397864,0.000898983429528556,0.0162975114351713,0.0530973733874223,0.111602868350014
308,0.381037562690189,0.00146199353525349,0.0371875864091456,0.188943467099799,0.391369390265613
309,0.479387629449608,0.000597271132309475,0.0157204792045349,0.109919669218,0.394374950995548
310,0.102817127935527,0.0130192358768498,0.0291898228804083,0.04825145622283,0.806722357084385
311,0.354835073648018,0.000750014904280214,0.0676384199597038,0.137979350561174,0.438797140926824
312,0.670431082771425,0.000600370612120347,0.0154622517829655,0.0466223745940623,0.266883920239427
313,0.0803186719831277,0.00230063415597922,0.165393873147546,0.0454531512148467,0.706533669498501
314,0.298032654517073,0.000720771558127744,0.0469691152542273,0.444021969917708,0.210255488752864
315,0.103399521693598,0.00289947378437908,0.0338843073278312,0.0485247700907259,0.811291927103466
316,0.410280598829205,0.000592456593258876,0.0153348288958622,0.431651990296602,0.142140125385072
317,0.503608351523499,0.00068225396661297,0.0204133048761428,0.363937594869633,0.111358494764112
318,0.666154546606207,0.000973270884016088,0.0181526417570024,0.0579825249693934,0.256737015783381
319,0.0875455467299325,0.000974800171267754,0.0241131764131693,0.04954291294231,0.83782356374332
320,0.507336538127064,0.000957835895234819,0.084764199816634,0.304528985385543,0.102412440775524
321,0.36026578771875,0.00120239241391418,0.0578972396616696,0.178643455853633,0.401991124352033
322,0.0869247648754788,0.000952702738870529,0.0310483347199488,0.0491916061937641,0.831882591471938
323,0.0868639271812629,0.00437454920710017,0.0384765209160528,0.0491571775254796,0.821127825170105
324,0.677547400965884,0.000620257701908213,0.0147841168365273,0.0481667262511181,0.258881498244562
325,0.702567413363014,0.000981039583790632,0.015556278560024,0.0506824329902156,0.230212835502956
326,0.687051172307235,0.000638239345436798,0.0152127172682857,0.0495631085914291,0.247534762487613
327,0.600880112810598,0.00070512220398191,0.0168068998024966,0.146040222305056,0.235567642877867
328,0.366361388784044,0.00449739716187879,0.0184200482927258,0.291049710874582,0.319671454886769
329,0.663641302888281,0.000637270570015875,0.0151896260773707,0.128650841325332,0.191880959139001
330,0.0949379843917901,0.00290790513726504,0.0493445264159725,0.377590830112006,0.475218753942966
331,0.195235077033255,0.000582975755202757,0.130195056665687,0.521544127979068,0.152442762566788
332,0.0873579869602061,0.00144550032438749,0.0777009376487006,0.0494367709660459,0.78405880410066
333,0.816109894211419,0.0010920232754971,0.0164596178011299,0.053625516734707,0.112712947977247
334,0.630580049093178,0.000843228773675315,0.0200026631945552,0.0553114337208037,0.293262625217788
335,0.0753992814617891,0.0528906161880143,0.201982790366064,0.0453888360410515,0.624338475943081
336,0.676234035892769,0.00083339025691805,0.0152387488841352,0.0496479197254563,0.258045905240722
337,0.0718898521163998,0.0039938487649833,0.273643382322477,0.0406831965516823,0.609789720244458
338,0.576372333176006,0.000651544027466106,0.0199480427455721,0.207719787896895,0.195308292154061
339,0.173939106610341,0.0101576402721654,0.0595880236355972,0.110431706547258,0.645883522934639
340,0.264236371553006,0.0012430911585143,0.148717536328904,0.351669029235955,0.23413397172362
341,0.518260816214863,0.00216925039717712,0.192401174887217,0.0564490145696573,0.230719743931086
342,0.680070882121698,0.000823514017229608,0.0150581593760598,0.0490595582091429,0.25498788627587
343,0.0778552423675009,0.0027530479202836,0.300685000467777,0.0440590714067326,0.574647637837706
344,0.715059093628749,0.000616480306588109,0.0196439289537222,0.12243808759327,0.14224240951767
345,0.78693524515324,0.000746933313244615,0.0152327381189209,0.0496283366224655,0.147456746792129
346,0.445695464409939,0.00064767420341368,0.0189057104131184,0.339452217227014,0.195298933746515
347,0.371375925773765,0.000602613680455963,0.0143635637763819,0.469057731718164,0.144600165051234
348,0.16349574643801,0.00304386431252976,0.060780879145026,0.0512796764242586,0.721399833680176
349,0.0955835644183831,0.0007387976179363,0.0527529585025731,0.595696067321051,0.255228612140057
350,0.315614675076926,0.000852777107443815,0.0373199906323741,0.381890288227988,0.264322268955267
351,0.531898169115068,0.000779959198468137,0.0208578443739736,0.134313371412657,0.312150655899833
352,0.0857928979785855,0.00882114053396671,0.035784428941672,0.0485510712353378,0.821050461310438
353,0.574392502415853,0.000686659634703505,0.0223747796455875,0.290468463921419,0.112077594382437
354,0.533111272539428,0.000922237947721375,0.0145795746552129,0.047500326806152,0.403886588051486
355,0.661379894259135,0.000832979618423675,0.0152767266149162,0.140375887093221,0.182134512414304
356,0.0820343988724094,0.0337309462742713,0.116452414938473,0.0464240984655468,0.721358141449299
357,0.554260992973847,0.000929034665462645,0.0375775923322847,0.101492299163653,0.305740080864752
358,0.708345699788708,0.00108151985579872,0.0174167388273945,0.0556319299120884,0.217524111616011
359,0.159790786666995,0.00636514886416369,0.0688158892997174,0.05011763311511,0.714910542054014
360,0.703515245294411,0.000641029436277974,0.0173217074328289,0.0497797758594844,0.228742241976997
361,0.679119291354208,0.000630870988156303,0.0150370892114426,0.0489909115079295,0.256221836938263
362,0.0735198169177141,0.000535768198445441,0.0363690817322501,0.274150416920518,0.615424916231073
363,0.294330048785041,0.00104098970195894,0.0477727128090126,0.438505667371502,0.218350581332485
364,0.66303799869903,0.00161603033837195,0.0158432356019648,0.0516173404613772,0.267885394899256
365,0.714689276946768,0.000735958905344112,0.0150263871753232,0.048956044220976,0.220592332751589
366,0.0731116986419337,0.00263929798619753,0.367008946273144,0.0413746518946952,0.515865405204029
367,0.399101898295434,0.00153862874235022,0.0242528001067647,0.0868287693014846,0.488277903553967
368,0.0975166530971548,0.000710642704765811,0.420925361516179,0.0724819397726755,0.408365402909225
369,0.0750078589062625,0.00530964371637003,0.240997268113144,0.0424477082226214,0.636237521041602
370,0.734607778648627,0.00063333398964987,0.0217961008892885,0.0491821783286909,0.193780608143744
371,0.506447543994381,0.0010342228619207,0.0439581329397575,0.252061160048009,0.196498940155932
372,0.779226835559643,0.00068713910422229,0.0174771794768813,0.0752558630468418,0.127352982812412
373,0.827351119428905,0.00178241431604274,0.0153852638437087,0.0501252661931218,0.105355936218222
374,0.232281433447982,0.00133160428855192,0.0451888750696827,0.523166830580817,0.198031256612966
375,0.0864655169342403,0.00817189483950591,0.0289433529517181,0.0489317131252806,0.827487522149255
376,0.375416815626608,0.00117229028560746,0.0226129600069671,0.333328362749556,0.267469571331261
377,0.480998736391594,0.000955387328419878,0.0426487896591059,0.26166556527474,0.213731521346141
378,0.803314948835557,0.000629812291904293,0.0176658661479599,0.0755904851511138,0.102798887573465
379,0.598124459341726,0.00060065252936507,0.0143168188721708,0.204453150629562,0.182504918627176
380,0.161313333932891,0.00565244828925171,0.0706687706508396,0.0505951729461867,0.711770274180831
381,0.665963226051298,0.000836946099648445,0.0210046048309547,0.0472544895470975,0.264940733471002
382,0.0868115971346614,0.0065897951863598,0.0266714844584614,0.0491275634212803,0.830799559799237
383,0.0823991560160307,0.0536332985044207,0.0384148443463955,0.0466305182331594,0.778922182899994
384,0.07273690495612,0.00169877520900281,0.273298428533135,0.0411625523460467,0.611103338955696
385,0.526584001289179,0.000634329361809739,0.0163530165634694,0.29743972959527,0.158988923190271
386,0.386345649793351,0.000687558886115385,0.0934883336893166,0.251334227407023,0.268144230224195
387,0.0857676962636057,0.00546963914072092,0.0394165780190347,0.0485368093291886,0.82080927724745
388,0.629632596950309,0.000579507022413799,0.0138128063554807,0.216919482726431,0.139055606945365
389,0.70713478842652,0.000623758234376938,0.0148675535771731,0.0484385635675037,0.228935336194426
390,0.687051172307235,0.000638239345436798,0.0152127172682857,0.0495631085914291,0.247534762487613
391,0.111511497602927,0.00217710266354046,0.155667899931651,0.45290577801031,0.277737721791572
392,0.0864028880416196,0.00304600534826611,0.03476668123579,0.0488962707996491,0.826888154574675
393,0.680151753961833,0.000704695165893189,0.0150599500439002,0.0490653922138811,0.255018208614493
394,0.106388796837529,0.000775297551138039,0.103699352841475,0.0602064993210746,0.728930053448784
395,0.490951817806683,0.000849513384100881,0.0386275002536107,0.303366178298457,0.166204990257148
396,0.267839548045436,0.00167337838351262,0.0396904845490949,0.510340056682196,0.18045653233976
397,0.102657198169118,0.00116932386832105,0.136460163279219,0.336081093075871,0.423632221607471
398,0.172254404808685,0.071801019518411,0.0491025151798822,0.0540267886699533,0.652815271823068
399,0.606967532010602,0.00062972899792299,0.0165747866937112,0.192130389946555,0.183697562351209
400,0.527323768007877,0.00307937712867828,0.0168927989375625,0.251169329834065,0.201534726091817
401,0.732205791797042,0.00149737124700302,0.015314479251439,0.046176805189538,0.204805552514978
402,0.493949613744535,0.000727708154745955,0.0149783015122404,0.387775256239841,0.102569120348638
403,0.724075484191439,0.0006251951750975,0.014901803695204,0.158352241953237,0.102045274985022
404,0.081984162186292,0.0551258847917345,0.0318939759484823,0.0463956690152801,0.784600308058211
405,0.730998409320295,0.000998266269010464,0.0166997808961533,0.0471918990970011,0.20411164441754
406,0.177761984547269,0.000874322584768558,0.0160337773932771,0.579271416976169,0.226058498498516
407,0.677547400965884,0.000620257701908213,0.0147841168365273,0.0481667262511181,0.258881498244562
408,0.333588605332928,0.000796230899695298,0.0333828756630841,0.435904871304974,0.196327416799318
409,0.712120530901964,0.000822462872515155,0.0148430212521718,0.122811009731135,0.149402975242214
410,0.0804750269903989,0.0682423448615079,0.0355833284230575,0.0455416340995013,0.770157665625534
