ID,Adoption,Died,Euthanasia,Return_to_owner,Transfer
1,0.0602517045703771,0.0260328970761741,0.0401305026050126,0.243276373200956,0.63030852254748
2,0.604484898847798,0.000214795911247026,0.0365201396961334,0.300852685033804,0.0579274805110176
3,0.647177802091787,0.00686731663703082,0.0131481482041406,0.0598633644442107,0.272943368622831
4,0.353467092625223,0.00000109850184923396,0.0147426718482333,0.396092078529959,0.235697058494735
5,0.332763166464293,0.00000524832584469105,0.0213241963235374,0.459034091770666,0.186873297115658
6,0.204320200289758,0.00413862894656149,0.0088237344438883,0.59091071273487,0.191806723584922
7,0.20493394211074,0.0149309183787227,0.318033847175489,0.210550315407619,0.251550976927429
8,0.687831474187177,0.00493539124896916,0.00915918054255592,0.0476034444391946,0.250470509582104
9,0.81198162063393,0.000000182861018264729,0.00164995801415486,0.150769014603285,0.035599223887612
10,0.575642061349003,0.000731821885818488,0.0284421293349742,0.224146708923318,0.171037278506886
11,0.682187916597235,0.000396827692331009,0.00882852762270836,0.149569304528471,0.159017423559255
12,0.0226150346209238,0.00294039807384123,0.276436692959028,0.340244339704573,0.357763534641634
13,0.753128295132059,0.00114884366473848,0.0131027374587536,0.128746672629941,0.103873451114508
14,0.612839736060597,0.00000787022906512945,0.0564826888297224,0.15735042433235,0.173319280548265
15,0.851596620829841,0.000264581091810391,0.000873107312539407,0.102267972477405,0.044997718288404
16,0.812502908030281,0.0000142005991318651,0.00451920501467585,0.109633982465508,0.0733297038904036
17,0.168485018515398,0.0000218114981876876,0.0743073452641403,0.465711843579952,0.291473981142323
18,0.476677720467832,0.000000238838322440178,0.0000094554286435379,0.502170087461592,0.0211424978036108
19,0.380109961290948,0.00514896742939723,0.0389296296840748,0.183884524302787,0.391926917292794
20,0.0470045679395542,0.00704219824492265,0.300955627835532,0.034422766204327,0.610574839775664
21,0.656271317956931,0.00145370648486281,0.0296748727835266,0.174518004151921,0.138082098622758
22,0.000000137329147372947,0.0127765721647042,0.0344208634182913,0.00374227287381662,0.94906015421404
23,0.763469159855588,0.0000364040354616809,0.0000317587715606074,0.114247241739464,0.122215435597925
24,0.0000915476579426369,0.00824308109097589,0.01838715554287,0.00402279161907111,0.96925542408914
25,0.819838481185148,0.00000145510435407464,0.00207198827576663,0.119203606960893,0.0588844684738384
26,0.56213626241802,0.00261180676771012,0.0426258713587711,0.00669904208893021,0.385927017366569
27,0.8628942201809,0.00173489440700833,0.0019649303029674,0.00634747687189912,0.127058478237225
28,0.0243215488549415,0.00108535161374034,0.0012875290457125,0.0247231727055738,0.948582397780032
29,0.303490429437203,0.000660705065783625,0.0446137963736095,0.428077814525785,0.223157254597618
30,0.262839219326165,0.000596033070856734,0.0374984696155259,0.5018021622173,0.197264115770152
31,0.295513648047453,0.0000282992796575306,0.0204473211934039,0.0969001021147164,0.58711062936477
32,0.846270465959551,0.0000637399412413918,0.00097814807046408,0.0619981701683905,0.090689475860353
33,0.244437739583599,0.00244917329478047,0.209032638026198,0.00888922822125618,0.535191220874166
34,0.940105955574976,0.000638228572839974,0.00194335765401033,0.0286442955296609,0.0286681626685122
35,0.10850801077262,0.0262211053809573,0.0322054020673004,0.0602766386342306,0.772788843144892
36,0.513037699249171,0.000280909445859458,0.0122536007890451,0.27308553032581,0.201342260190114
37,0.22364635994327,0.010354030685438,0.185601045330581,0.0188697663182555,0.561528797722455
38,0.79991883230232,0.000374117210146463,0.00324051519281943,0.119642127504068,0.0768244077906453
39,0.163485382113025,0.000002183543821201,0.00407386241739586,0.486990566415549,0.345448005510209
40,0.481081964836641,0.000000530720272956337,0.000325692570078041,0.0549819781605567,0.463609833712451
41,0.174453497908015,0.0000590717523042646,0.00572426689545212,0.311442722430401,0.508320441013827
42,0.0000553906155471598,0.0114570657850539,0.0331028387672733,0.00522741721059508,0.950157287621531
43,0.793318040929557,0.00565388006924889,0.00500584261578043,0.0332729724660711,0.162749263919342
44,0.0000367349442820094,0.0398232903096196,0.0387054608144807,0.00339529946037193,0.918039214471246
45,0.265562933492757,0.00680726210422822,0.175250911075188,0.0164964399624369,0.53588245336539
46,0.303350567245284,0.000000072291270380174,0.00120655036937567,0.0665410068358176,0.628901803258253
47,0.427826156302661,0.00815644899608355,0.0450398958480374,0.148651609680453,0.370325889172765
48,0.380644301452622,0.00182315497437241,0.0782528561682381,0.416089965599753,0.123189721805014
49,0.0117523528801393,0.00000180294002236575,0.0000772819205921564,0.482716043210465,0.505452519048781
50,0.462192150461962,0.0111107441682237,0.0128166123988662,0.49821266953565,0.015667823435298
51,0.104387355240333,0.036625209283308,0.0800637257160779,0.0974305445536699,0.681493165206612
52,0.403490029686406,0.000238776335951539,0.0000369737817580501,0.391628994317637,0.204605225878247
53,0.863605363481198,0.000984161162399628,0.00411848110353549,0.0274691983424444,0.103822795910423
54,0.110290612202926,0.0116649772354155,0.0465788859096259,0.065779557532376,0.765685967119657
55,0.000157130060706313,0.0180641510622434,0.297866846390009,0.06979031185951,0.614121560627532
56,0.484759336717474,0.00285847642179519,0.0545953160176668,0.118569015186938,0.339217855656125
57,0.609360967929009,0.0000121575701013068,0.0116516277224068,0.184277331968811,0.194697914809672
58,0.0000000915498707046675,0.0191528754349061,0.0198034777568192,0.00346443803735578,0.957579117221048
59,0.0230548098369495,0.0145388514832841,0.220937292435053,0.0109224313232582,0.730546614921455
60,0.606335495664327,0.0000248977456834137,0.0110490279822875,0.121786906734334,0.260803671873369
61,0.716353616963639,0.0000433852510970279,0.0255739021437949,0.00231291383830186,0.255716181803167
62,0.149534395974544,0.00326810508619208,0.150191425909323,0.499538800438556,0.197467272591385
63,0.562031301476156,0.000567839652123376,0.000173796939282581,0.196584594820617,0.240642467111821
64,0.0000380221396278,0.0466109031642441,0.0356437002721953,0.00416952759239458,0.913537846831538
65,0.0289130390875302,0.0375472488868291,0.139175338489672,0.00569485921990873,0.78866951431606
66,0.909831105302374,0.000273805867903267,0.000657671197232317,0.0733498191866479,0.0158875984458424
67,0.925092677487543,0.000299948087319943,0.00159025856260431,0.030578481285033,0.0424386345775
68,0.00904367133886388,0.0174719272199282,0.320502343459394,0.403335347390374,0.249646710591441
69,0.322732460092845,0.00000258994240166619,0.0333695377670636,0.47124072514187,0.172654687055819
70,0.0527386830905177,0.0224311733071667,0.0716224413240791,0.00560963882458597,0.847598063453651
71,0.0465855172543905,0.0286804823581826,0.043227337658463,0.0147162478925069,0.866790414836457
72,0.861536192285658,0.0000125415142450158,0.00303080662594371,0.0662179465064168,0.069202513067737
73,0.0000000983492974456345,0.0553610955323253,0.105138629900874,0.0029997259834419,0.836500450234062
74,0.237044063013326,0.00584082028514814,0.0330464371353901,0.488414638098726,0.23565404146741
75,0.0000637415678847331,0.0146466786336856,0.0268818934961517,0.00252262507412483,0.955885061228153
76,0.126538490200031,0.113129292628625,0.0499016788699531,0.0702899191542235,0.640140619147167
77,0.809689330953552,0.00194092221107399,0.00374395281865015,0.023325218328071,0.161300575688652
78,0.180521207572479,0.00971177371390023,0.221358191072057,0.0231248859643611,0.565283941677203
79,0.629220651147872,0.00109188364119536,0.000140416089874761,0.368734361825503,0.000812687295554856
80,0.651570942189571,0.00352337868647563,0.0118778818459476,0.056018844572822,0.277008952705183
81,0.000138135293292837,0.0181862456176515,0.0303970651011904,0.00520892494305512,0.94606962904481
82,0.000000799526634957817,0.0225762441804354,0.0386554900380411,0.0124684440627674,0.926299022192121
83,0.805906743611845,0.0000200870483957863,0.00476573722891637,0.113331766492371,0.0759756656184711
84,0.0000997932774725013,0.0967713745249094,0.0317730877855005,0.00527330647678322,0.866082437935334
85,0.928919365653623,0.000000326424943611312,0.000976885757620318,0.00274392189904788,0.0673595002647649
86,0.0518164558912114,0.0142970735514393,0.124340688663028,0.00635958477163587,0.803186197122685
87,0.0324582372856171,0.00285145850298797,0.247577910805729,0.542667617328524,0.174444776077142
88,0.624410271016633,0.0011525037070206,0.0264686243147769,0.167191036042983,0.180777564918587
89,0.0516649780021582,0.0105302961751891,0.112908581711657,0.00456789056194807,0.820328253549047
90,0.883426380148895,0.0000221137979721621,0.00492726397390186,0.0155245005618409,0.09609974151739
91,0.0214329535393442,0.0440318791338095,0.330657518006724,0.0102760044780544,0.593601644842068
92,0.00620308730203188,0.025740385725161,0.423075522782837,0.00801298224253187,0.536968021947439
93,0.727469145266044,0.00231985581495685,0.0105810132965291,0.0705461139448648,0.189083871677605
94,0.518980622246227,0.00128134107072197,0.0144217598946522,0.327868764579247,0.137447512209152
95,0.238997847659135,0.00595026591300929,0.150458281981095,0.0128688435056971,0.591724760941063
96,0.479198570499586,0.0000000771827492486014,0.00486840236883264,0.476139765355894,0.0397931845929388
97,0.478850094679196,0.000672303780783659,0.0199685385983261,0.333957541874596,0.166551521067099
98,0.000535641890026131,0.0293372200152388,0.0465502452723836,0.0180127964145721,0.905564096407779
99,0.0839341762281279,0.00776391527351383,0.0483299673404958,0.0278107455558976,0.832161195601965
100,0.35230712176416,0.0000130928760426714,0.00203347566296112,0.468639397232642,0.177006912464194
101,0.664623082836896,0.00219073977549133,0.0153795822407234,0.0611811485441253,0.256625446602764
102,0.938055615118285,0.00037550094575594,0.00161694309985734,0.0294462994075963,0.0305056414285055
103,0.278432283269147,0.00541194653447332,0.0217041218865991,0.458134304691893,0.236317343617887
104,0.56529523912791,0.00151570923544332,0.0085520067151649,0.253956830639158,0.170680214282325
105,0.660774434364715,0.00388007591774556,0.00716376193935054,0.0653707084034151,0.262811019374774
106,0.738678900437688,0.000503497937565346,0.00488495792052065,0.150619984159451,0.105312659544775
107,0.40114247194329,0.000000683920521506077,0.0436011271906385,0.46437988400523,0.0908758329403196
108,0.0791550603429704,0.0000693966146110288,0.0857552017649525,0.487000127263171,0.348020214014295
109,0.876773967587319,0.00001763166519351,0.00485041841953805,0.0474965758808295,0.0708614064471198
110,0.233120810611611,0.000103399964940515,0.0177701205602012,0.440952881329444,0.308052787533803
111,0.470979236820551,0.000669163568423204,0.0065581262088645,0.383580256097678,0.138213217304483
112,0.693513547317559,0.00224033703046422,0.0202045029459242,0.170204367499011,0.113837245207041
113,0.157331783196761,0.0000727002705340568,0.00895409483907646,0.459210631937763,0.374430789755866
114,0.2755767527891,0.00157108763319043,0.03179591527733,0.504406253202548,0.186649991097832
115,0.0412236893331127,0.0308413924049909,0.107275010639267,0.00468040415575637,0.815979503466873
116,0.671842694424018,0.00948960719074976,0.00368823803209129,0.158009247853243,0.156970212499898
117,0.849127236484458,0.00000879749725318997,0.00272322503997996,0.060447186856859,0.0876935541214498
118,0.0180562780521751,0.0000664274395193147,0.164964340717762,0.358088733369743,0.4588242204208
119,0.03505070337889,0.000119845762852681,0.0000671370662404827,0.744048178142695,0.220714135649322
120,0.268567098570941,0.0024658136139959,0.190233852100739,0.0141716207994737,0.52456161491485
121,0.620141546117007,0.00289254528550855,0.00858967345250161,0.0608851497589375,0.307491085386045
122,0.867123312014378,0.00106046840026127,0.00446599002714496,0.0174629957893311,0.109887233768884
123,0.713028591215812,0.00155100672347341,0.0122975099734173,0.0590746041535402,0.214048287933758
124,0.00000018721481253155,0.00976672287601202,0.0298524739208498,0.00410646068169608,0.95627415530663
125,0.000105091775050557,0.0000277590738091953,0.0219132570739669,0.0280617195755387,0.949892172501635
126,0.815404138864353,0.000000397586725870403,0.000961202800953922,0.0925184510575933,0.0911158096903739
127,0.202471735369531,0.00842939969021933,0.21111802915941,0.015672538344536,0.562308297436303
128,0.842808218191279,0.00414710681234044,0.00380757147959631,0.029035689157901,0.120201414358883
129,0.868676050638611,0.000647013858736819,0.00444326364420496,0.0616679043757491,0.0645657674826987
130,0.865273796033405,0.000783008205925758,0.00589364850145261,0.0639308661724205,0.0641186810867957
131,0.282892635579443,0.000000205959674839952,0.0369026865132646,0.480460550617973,0.199743921329644
132,0.878546323444513,0.000964798494405665,0.0057499472243176,0.048761890645835,0.0659770401909284
133,0.532216882779816,0.00425770983463804,0.039509674704721,0.00685261115738521,0.417163121523439
134,0.269203754929574,0.0000602565755235871,0.0219543300873114,0.357999889882459,0.350781768525132
135,0.764118426763926,0.000836342801105758,0.0142800929362404,0.0713614982162317,0.149403639282496
136,0.243494898228414,0.0000100574965962192,0.0198831701136314,0.694695591502975,0.0419162826583831
137,0.667259323147077,0.00240637216745525,0.0279550724772905,0.0982201174924925,0.204159114715685
138,0.000000265597164386075,0.0165973244950658,0.0256460762176735,0.00406095257511719,0.953695381114979
139,0.599461079930597,0.00469789383731502,0.0000858793877380075,0.198875264632389,0.196879882211961
140,0.190963841565524,0.000314651301383126,0.0000841783536990077,0.221237923183884,0.58739940559551
141,0.698554193247724,0.00129978473398857,0.00440436301392202,0.13119412913718,0.164547529867186
142,0.0954623047207336,0.0164354331687566,0.0518473126311536,0.0570486750871696,0.779206274392186
143,0.403547781014396,0.000000533865280711818,0.040392054389135,0.359287148909822,0.196772481821367
144,0.188036737929516,0.00000533718511220891,0.0448284358941885,0.527965882824956,0.239163606166227
145,0.514104083471846,0.00649428614841861,0.0370924530574695,0.223486726706342,0.218822450615924
146,0.278794191738214,0.00189033079777579,0.0975258111631422,0.427395475758986,0.194394190541882
147,0.486222514829533,0.000102999041845134,0.00723087748172204,0.0905577734830436,0.415885835163856
148,0.483312118170181,0.00131790264275608,0.00269578616920922,0.458287754497065,0.0543864385207884
149,0.0266284780349864,0.0163336535337507,0.0825850276146837,0.00542327279376198,0.869029568022817
150,0.0664358779481797,0.0147496855414954,0.0700357910904656,0.0730666962457108,0.775711949174148
151,0.397219555374771,0.0025383139821189,0.129552156759,0.01492938383852,0.45576059004559
152,0.0127240687670842,0.00834209985374116,0.402814773934704,0.00883980543898685,0.567279252005484
153,0.642433952029348,0.000397405723457637,0.00672915863950028,0.192637523103732,0.157801960503963
154,0.0241842800929053,0.0111829786953116,0.15716530535152,0.268318997206161,0.539148438654101
155,0.520539933770168,0.0000276306822082119,0.0181272224424584,0.0141110367137427,0.447194176391423
156,0.748442702249247,0.0000232527418060116,0.00320188906207714,0.0797119246009235,0.168620231345946
157,0.303490429437203,0.000660705065783625,0.0446137963736095,0.428077814525785,0.223157254597618
158,0.000145724229463236,0.0247789928523588,0.0221026065584849,0.00402802305091185,0.948944653308781
159,0.573005877365382,0.000794178168353998,0.0351875531092226,0.191163303709528,0.199849087647513
160,0.135777974366676,0.000146136703466222,0.000646247364661271,0.631250802794925,0.232178838770272
161,0.357567684659539,0.0000038562451491111,0.0000654521573663912,0.378778045337636,0.263584961600309
162,0.718892956353826,0.0000464569518829286,0.00354625017815727,0.145450177436235,0.132064159079898
163,0.000000134308831727775,0.0190395763019705,0.0309456613962592,0.0193351301068096,0.930679497886129
164,0.875365241772188,0.00128840877635859,0.00287737039431218,0.0204097030722431,0.100059275984898
165,0.273314402140299,0.00000382689992993458,0.0001630282186575,0.590997466971174,0.135521275769939
166,0.756048413203204,0.00200127170909446,0.00720269256863213,0.0334823027532736,0.201265319765796
167,0.689106902551478,0.00227041658006608,0.0161442228515271,0.179639697732065,0.112838760284865
168,0.446745339306976,0.0000680260170286916,0.000136579550462216,0.446793950305103,0.10625610482043
169,0.76050848100212,0.000221015242843107,0.0122980695723593,0.156568437063964,0.0704039971187134
170,0.619939591014882,0.00148498910746166,0.00694754886692348,0.1938280471989,0.177799823811833
171,0.00674531344880377,0.0744204101748361,0.416683811442461,0.00881307725714661,0.493337387676753
172,0.414525460826855,0.00213994341074874,0.0308473420254137,0.31393769009668,0.238549563640302
173,0.370931989445629,0.00070423093540899,0.0690825531593715,0.485747085650624,0.0735341408089666
174,0.21529635030238,0.00487207300441552,0.106408960320298,0.464414258097344,0.209008358275562
175,0.259816360509518,0.0000591725556468882,0.000426987190810338,0.456528385325298,0.283169094418726
176,0.140874162900712,0.0231523439931304,0.0533300567354344,0.0651634046754741,0.717480031695249
177,0.343920739866884,0.00228715341626729,0.0431625638420545,0.343117824283448,0.267511718591346
178,0.833730724966002,0.00284338297444078,0.00759773716188887,0.084001089147027,0.0718270657506412
179,0.363617428485912,0.0000561218827606363,0.0727715296362821,0.0654511184176214,0.498103801577424
180,0.223528254462958,0.0000701241907282334,0.09657529063181,0.0261033873172017,0.653722943397302
181,0.000055291144544257,0.0174614752244052,0.0337861544878169,0.00361199992836383,0.94508507921487
182,0.426442647265377,0.0147896906467035,0.0364927446513183,0.110499529016959,0.411775388419642
183,0.604847094795414,0.00892572815972655,0.00957250600319601,0.168732765036027,0.207921906005636
184,0.0512828098435216,0.0000967882186462756,0.020565655884487,0.161977588928588,0.766077157124757
185,0.601273991300648,0.00114862566080126,0.0105764718251072,0.256690083235187,0.130310827978257
186,0.330021699228857,0.000199352363820081,0.000610022709126393,0.583807704228082,0.0853612214701144
187,0.000190285999216668,0.0189562129045958,0.0476770791729783,0.0109981697977997,0.922178252125409
188,0.323138546171312,0.0000153672924102337,0.017872693315378,0.449473048711553,0.209500344509347
189,0.61572950768772,0.0000247665866028339,0.00553010850274704,0.169661473076377,0.209054144146553
190,0.732037358144212,0.000408162945379113,0.0181750394571354,0.203854686320785,0.0455247531324883
191,0.457828990604746,0.00000455027151999252,0.0129175245379049,0.431800630164734,0.0974483044210954
192,0.601196928208198,0.00429887601206945,0.0404766648644057,0.263928128553488,0.0900994023618384
193,0.254622696237958,0.000153744146947536,0.028933322612245,0.291234363850663,0.425055873152187
194,0.524482772698926,0.0000131908920541745,0.0235133112329977,0.0258843829619874,0.426106342214035
195,0.82376080308752,0.0000178190609473991,0.0073441903793429,0.0516573752341028,0.117219812238086
196,0.716613781612337,0.00128302425047551,0.00928130299386378,0.0570457555933868,0.215776135549937
197,0.842240627176636,0.000958233398337624,0.00295135368744469,0.126734842741272,0.0271149429963096
198,0.722851718442846,0.000562032985561087,0.0132860406052572,0.16939080553884,0.0939094024274962
199,0.420690146244998,0.00000686376169087361,0.0416337294659771,0.303187159923054,0.23448210060428
200,0.811421268761292,0.00000167178241045716,0.00240281544063426,0.117296474335329,0.0688777696803347
201,0.000000948982554802718,0.0181108656836667,0.0425774109338479,0.0125127411296221,0.926798033270309
202,0.415843708004821,0.00207120363328739,0.0524190988267487,0.150466000244025,0.379199989291117
203,0.753583173350285,0.000339636235033037,0.00418964069416378,0.196677470696561,0.0452100790239572
204,0.602530062407321,0.00000675695534404427,0.00267828376431825,0.0649152435627773,0.32986965331024
205,0.0505985928193164,0.010838794038789,0.114474083770377,0.558431500035811,0.265657029335706
206,0.480593665891009,0.0015787445642396,0.0401251065387707,0.088786197827462,0.388916285178518
207,0.628953443909473,0.0000253156176548854,0.045689405267445,0.219357483994216,0.105974351211211
208,0.0757926140919784,0.0090515479338038,0.0804522452132036,0.55985851394876,0.274845078812254
209,0.271175225740317,0.000125257646304517,0.114708147706972,0.435449838922408,0.178541529983998
210,0.80787693061684,0.0000124993031753252,0.000236217541720508,0.123492308957892,0.0683820435803723
211,0.0616588611736507,0.038426817472634,0.144535130643784,0.00522499676800896,0.750154193941922
212,0.097213883317573,0.0000319779031431643,0.0144841647187994,0.522254413321635,0.366015560738849
213,0.501086780111317,0.00191584579684,0.0107438755363777,0.348386292814423,0.137867205741042
214,0.60281654358438,0.0000615208517256359,0.029875980262867,0.0317554224791121,0.335490532821915
215,0.000064875228445385,0.00907386258645743,0.0254121578651084,0.00458087769691404,0.960868226623075
216,0.574099970934946,0.00000832775597280385,0.0725248934994586,0.0927504480749794,0.260616359734643
217,0.690881969623571,0.0212809385471683,0.030114753785106,0.00864080481766312,0.249081533226492
218,0.731230178459599,0.00241496490534943,0.00734837274643477,0.0358397351996374,0.223166748688979
219,0.682260977716635,0.0000116948798728637,0.00402027427835639,0.162056055823596,0.151650997301539
220,0.402373768577193,0.000000207207299110419,0.0174707428925849,0.416601939659714,0.163553341663209
221,0.0147450388739258,0.000243967033959781,0.273040604794184,0.48174201785723,0.230228371440701
222,0.028657626910604,0.0399899939965578,0.130361800372499,0.00549885524940711,0.795491723470932
223,0.133602873578947,0.048988384974681,0.0546940372445862,0.0523497465509436,0.710364957650842
224,0.651482417268364,0.00000248902674487474,0.00738463138196214,0.181371015054782,0.159759447268147
225,0.0142386855158662,0.00425940812545703,0.249689757868913,0.644431036868212,0.0873811116215516
226,0.552780479031726,0.0000715833490346083,0.0259444911325625,0.138811225981764,0.282392220504914
227,0.0499038238098642,0.00400531609546792,0.120659434826106,0.00187533711284593,0.823556088155716
228,0.000000591848924375231,0.0309552637821207,0.113546588478431,0.0411049355123384,0.814392620378185
229,0.233190602968773,0.000000344198264528024,0.0382611874058546,0.518959317368963,0.209588548058145
230,0.0641883993621925,0.0601411848725927,0.0919811591498321,0.00516970157597541,0.778519555039407
231,0.94751428083289,0.000430321962451398,0.0015120123021502,0.0236799743810583,0.0268634105214507
232,0.768073814264243,0.000000223359846681844,0.00411400809357696,0.0723049610683896,0.155506993213944
233,0.000484238892970612,0.0284589434085301,0.0296943272974371,0.0142081938862072,0.927154296514855
234,0.0150428074917117,0.000016233011051057,0.469903724653873,0.208426505493381,0.306610729349983
235,0.487112566424918,0.0000431366192606667,0.00741942417209039,0.46210364667656,0.043321226107171
236,0.628230425167082,0.00644160053667085,0.0151545784335927,0.0519361241214864,0.298237271741168
237,0.475328485288555,0.00690698572672049,0.0168161292003709,0.3538200533159,0.147128346468454
238,0.0140945318811343,0.000122611011544565,0.213478283759414,0.0201795973913094,0.752124975956598
239,0.89199550809285,0.00115738097333873,0.00101137325377596,0.0871959793436329,0.0186397583364024
240,0.74880581939363,0.0000908150372923527,0.00674663045031063,0.00460896562820997,0.239747769490557
241,0.800817634747267,0.000416501378193226,0.0222037416249017,0.0455707259025662,0.130991396347072
242,0.307079044404606,0.00581709346700319,0.0313762009213914,0.34471054099508,0.311017120211919
243,0.706639392673293,0.0023666077686209,0.0222937491754543,0.00299163039802311,0.265708619984609
244,0.532812904616489,0.00199871648920712,0.0372871618950316,0.115155628629101,0.312745588370171
245,0.284214578692319,0.000800656365458971,0.0504471877144377,0.456087703076654,0.20844987415113
246,0.282841826900214,0.00000408947678185387,0.0496349120623691,0.46665673185439,0.200862439706245
247,0.650614625465849,0.00213755618410976,0.0160722451947298,0.0533146377480116,0.2778609354073
248,0.637866737411018,0.0034177527760057,0.00758373152754804,0.050278085381824,0.300853692903604
249,0.18339287575802,0.000993927023557943,0.0351863498577173,0.607047224415826,0.173379622944879
250,0.82801437356583,0.0011782520796622,0.00551378703996588,0.0389545351276256,0.126339052186916
251,0.0000349858187587203,0.0186218460230005,0.098592484847238,0.0191284028045365,0.863622280506466
252,0.215874565318258,0.00000762271750263684,0.15262876403281,0.395149992528339,0.236339055403091
253,0.000174643280212667,0.0276385843179304,0.0639890991219677,0.0121663290390759,0.896031344240813
254,0.194044600287644,0.000841593272571178,0.138184922728473,0.493819862388365,0.173109021322947
255,0.0000965458082020511,0.0166984210143054,0.0260303404766057,0.00442322467069174,0.952751468030195
256,0.424575145544702,0.000120231493448838,0.0107429403928535,0.469126849637255,0.0954348329317402
257,0.225712616162153,0.00934872456050261,0.156792670975484,0.087038336029401,0.521107652272458
258,0.756490481790262,0.00135034728666027,0.0082170478837374,0.0352269466844765,0.198715176354864
259,0.651581586667087,0.000675411633743718,0.000570795541299735,0.156829698299232,0.190342507858637
260,0.555327607753662,0.0000140403887503946,0.0279389056216614,0.0165145717057384,0.400204874530188
261,0.616396058322478,0.00746174882194759,0.00139205286951011,0.188777866331293,0.185972273654772
262,0.737436814151965,0.000587519277862241,0.0119196539918693,0.143658915772406,0.106397096805898
263,0.559712296614841,0.000917934641361772,0.00846902667795662,0.263861774099435,0.167038967966405
264,0.240144635767899,0.00000642366773270918,0.0264626395778165,0.468949371479696,0.264436929506856
265,0.49519301744144,0.00748643222834632,0.0103111135040786,0.312554327103138,0.174455109722997
266,0.350293937481287,0.00580146696643977,0.070910749023501,0.168590613508638,0.404403233020135
267,0.0488178677436341,0.0204749447596881,0.111084990615571,0.0190513016115664,0.800570895269541
268,0.0478628524064185,0.0155051490499572,0.108036725825244,0.00451352685034217,0.824081745868039
269,0.0000919667311953771,0.0215259287224806,0.0787642800142435,0.00713033255693047,0.89248749197515
270,0.616044030529752,0.00293518410600107,0.0166816584926367,0.0519487410564864,0.312390385815124
271,0.12909773348438,0.0168069456102589,0.176124173432477,0.0163918311098544,0.66157931636303
272,0.224752090796233,0.0107417254331823,0.212006283028342,0.01765091348876,0.534848987253483
273,0.199192945342088,0.000245668842097812,0.000293433951569783,0.186554033667393,0.613713918196851
274,0.182271647114107,0.0000382713254558554,0.0314764931079591,0.133167015386111,0.653046573066366
275,0.409283514342098,0.0112571069515691,0.1272216649034,0.0195668200784515,0.432670893724481
276,0.00818017107578937,0.0271844215434312,0.399560020768291,0.00714429168330633,0.557931094929182
277,0.000000970447660294264,0.0191789584541045,0.0347930351510274,0.011329037145564,0.934697998801644
278,0.344380707068847,0.00810517504215498,0.18925844048653,0.0217272766097884,0.43652840079268
279,0.600169056529849,0.00118107873298902,0.0214324208880509,0.0731567283306398,0.304060715518471
280,0.110131607170497,0.051121174290776,0.0438791307153098,0.0637858693733811,0.731082218450036
281,0.474573804447357,0.000504598260356291,0.0194323623605902,0.354042550331863,0.151446684599833
282,0.219866298735809,0.0000102640285264129,0.0658918415612108,0.507099785847432,0.207131809827021
283,0.0519555506591067,0.000105068990303321,0.0970131028728686,0.0163360444246356,0.834590233053086
284,0.835582243088035,0.00103734836461463,0.0047389034726696,0.0347390467235339,0.123902458351147
285,0.147597017064914,0.00616320683379833,0.149633625783225,0.544879641077237,0.151726509240826
286,0.213306449785116,0.000102707075637376,0.0434284367513413,0.621494310932111,0.121668095455794
287,0.000220358969751707,0.0478973517548316,0.0951828935122106,0.00378773051479503,0.852911665248411
288,0.00006325293684885,0.0175729501448138,0.032987836698109,0.0044297490825755,0.944946211137653
289,0.67178357490335,0.0011692465464015,0.00466322959348282,0.153094034336486,0.169289914620279
290,0.495943603478989,0.0121177292135831,0.0093636224253366,0.277369468279934,0.205205576602157
291,0.797939657455386,0.00192388883197057,0.0289915762993445,0.008978077131488,0.162166800281811
292,0.951815053006213,0.00021364466175799,0.0010437579652415,0.0240496875669805,0.0228778567998068
293,0.522832765301326,0.00103434501175443,0.0237800577717539,0.00710490352887402,0.445247928386292
294,0.0212232229954219,0.0108696440456384,0.211354649028252,0.114139009522957,0.64241347440773
295,0.265057983028424,0.000478241883355297,0.0745453275163897,0.601549045735188,0.0583694018366426
296,0.0616554398254242,0.000165037383121306,0.122764797255638,0.0326418878174352,0.782772837718381
297,0.147590060682279,0.0000166325933288949,0.0758333774556888,0.508141750690295,0.268418178578408
298,0.044926136712312,0.00100056313607173,0.000259882390301118,0.00608021451478057,0.947733203246535
299,0.705433985591896,0.000229082879755467,0.00066682532252135,0.293211966801401,0.000458139404426979
300,0.370643932082842,0.0100645343316253,0.0764097837035724,0.152020425942014,0.390861323939946
301,0.262720629325187,0.00041291706323448,0.081675093533259,0.587673109787402,0.0675182502909173
302,0.706658471458275,0.00146474080372254,0.00971598158530724,0.038632000897318,0.243528805255377
303,0.820384012400573,0.00154149285764291,0.00556357782221162,0.0360808963725765,0.136430020546996
304,0.345411906925934,0.000644304004144069,0.0311765023400213,0.427874640123318,0.194892646606583
305,0.0127412090762905,0.0115473055262172,0.333973382219897,0.0301923797605747,0.61154572341702
306,0.222011584811707,0.00000028954176941199,0.217826765889497,0.55276230211532,0.00739905764170634
307,0.868676050638611,0.000647013858736819,0.00444326364420496,0.0616679043757491,0.0645657674826987
308,0.453074970603385,0.00224199076267402,0.0495617206817871,0.135519132106297,0.359602185845857
309,0.483144886757054,0.00320422941195854,0.00119253493505751,0.0575237221949567,0.454934626700973
310,0.000116898108024904,0.0300359823285132,0.0171345023015011,0.0428399313364005,0.90987268592556
311,0.362572925517035,0.00644416351308429,0.0792665511365501,0.110485013654426,0.441231346178905
312,0.54034936717652,0.00114280435915349,0.022322886021708,0.00605139422698927,0.430133548215629
313,0.0402023682429684,0.0109551674587201,0.12552817718032,0.00422040304885789,0.819093884069134
314,0.348494566034035,0.000571277204785717,0.0295991042712412,0.410244347255023,0.211090705234916
315,0.000000614302329880338,0.0205095255561312,0.0160169093290631,0.0358669379826738,0.927606012829802
316,0.424222033381492,0.000000151615326793699,0.00124163032231681,0.50117973448793,0.0733564501929349
317,0.430496256789573,0.0000070091393226616,0.0148629350097309,0.440719122925502,0.113914676135872
318,0.598302895534956,0.00183416255975266,0.0347418720229835,0.0470856553892913,0.318035414493016
319,0.000193039346789265,0.0106424430446063,0.0320143845367513,0.0147664762134054,0.942383656858448
320,0.473612615612968,0.00228459624844265,0.0695635800906168,0.412218474014145,0.0423207340338275
321,0.29388848950338,0.0000257442669493951,0.0770692256945054,0.176758510558035,0.452258029977131
322,0.00000013972222674714,0.00776856818243256,0.022467320555978,0.00253427203693081,0.967229699502432
323,0.000000174825024079818,0.0313269997959269,0.0433719654948645,0.00456913739885983,0.920731722485325
324,0.579823470772648,0.00283516066352364,0.0172436326404779,0.0388427969530409,0.36125493897031
325,0.802255940010443,0.000794837399225563,0.00513439421456414,0.0330621232864683,0.158752705089299
326,0.756490481790262,0.00135034728666027,0.0082170478837374,0.0352269466844765,0.198715176354864
327,0.632327200913466,0.00000191654065751055,0.00166683679547112,0.100741515555427,0.265262530194978
328,0.328511325112268,0.000862661770228494,0.000257124263732236,0.400686215264112,0.269682673589659
329,0.675291281492586,0.0000873642327448796,0.00807322112513272,0.135076114392631,0.181472018756905
330,0.0254752641723106,0.0232817751418564,0.0673983979474339,0.348773990148287,0.535070572590112
331,0.154819033559505,0.00000014761746948864,0.0902985486372619,0.657056981396794,0.0978252887889691
332,0.023961532243707,0.0132171009896617,0.0933709749156252,0.00447713241693257,0.864973259434074
333,0.862446938276033,0.00126255877157583,0.00646368844433477,0.0570168032379025,0.0728100112701544
334,0.451300974284412,0.00299023911228511,0.0561892778551269,0.0407712884632158,0.44874822028496
335,0.053111836535468,0.0212691984275712,0.124364022486655,0.0249954739237793,0.776259468626526
336,0.637024915304,0.00182908431973517,0.0162945159398519,0.0577976411044351,0.287053843331978
337,0.00793524666770968,0.0283748201415311,0.40813177285632,0.0056114643866959,0.549946695947744
338,0.501118791531704,0.00276079268223934,0.0347845128185215,0.283544246362044,0.177791656605491
339,0.152122783821966,0.0183674205574261,0.0683813406895369,0.106984204325884,0.654144250605187
340,0.233871954536264,0.000697022511147823,0.146902064965766,0.397932098726107,0.220596859260716
341,0.572374942741805,0.00209845542655417,0.146315705629067,0.0213099226381892,0.257900973564385
342,0.695890817034352,0.00160018047160791,0.012747815949517,0.0426879505568948,0.247073235987629
343,0.0104829197840456,0.0229004004264907,0.28230376686279,0.0341009866909984,0.650211926235675
344,0.797067198433219,0.0000339102024979566,0.0037030460412194,0.111329269834164,0.0878665754888999
345,0.835582243088035,0.00103734836461463,0.0047389034726696,0.0347390467235339,0.123902458351147
346,0.48649087224784,0.00000000380159442782597,0.000183617245905367,0.323056298412395,0.190269208292266
347,0.309316431038809,0.0000167521548041712,0.00920576895568111,0.528823265254985,0.152637782595721
348,0.0694647736725966,0.0145023046502058,0.0904761184928096,0.0558608408210506,0.769695962363337
349,0.0226562095859123,0.00260562568981834,0.0435121434057808,0.836071311813516,0.0951547095049721
350,0.293035877397256,0.0000206062840332866,0.00353746130744605,0.416049163109194,0.287356891902071
351,0.542963488050204,0.0000609256330857803,0.00902286260200121,0.104306619858522,0.343646103856187
352,0.000000509405719407357,0.0144141684927416,0.0224577084509074,0.00514199053708059,0.957985623113551
353,0.419695906584229,0.000010010487308293,0.0330249975954543,0.453787269538464,0.0934818157945446
354,0.406690665672912,0.00506285560009041,0.00120324773782629,0.00943603417050114,0.57760719681867
355,0.740112253979193,0.00733598904529461,0.00451248843092959,0.115846568761113,0.13219269978347
356,0.0272320270511014,0.0544168760055044,0.135963970688676,0.00561279989543005,0.776774326359288
357,0.423893605197292,0.00349434994747874,0.130726314103448,0.0609461983147453,0.380939532437036
358,0.724724706482672,0.00508498568802701,0.0201723079455333,0.0399494038947756,0.210068595988992
359,0.24922458084272,0.00452417315658116,0.00225402307670415,0.00500060026772076,0.738996622656274
360,0.703939806893824,0.0000352652671673544,0.0134271019034833,0.013032441930455,0.26956538400507
361,0.718981207246362,0.000957707413415803,0.00699595490305934,0.0329604835284901,0.240104646908672
362,0.0239639783597851,0.0000647412308010614,0.00835878467129986,0.221010144202733,0.746602351535381
363,0.300358187206018,0.000936604572888113,0.0270062127988085,0.435028652671462,0.236670342750823
364,0.565573420819541,0.0140827589335348,0.0152152671731412,0.0658925714625692,0.339235981611214
365,0.762883232697303,0.00141017171021701,0.00662170147513006,0.0314525785967306,0.197632315520619
366,0.00300031062731992,0.0129510734612477,0.879659928784297,0.00593624123743369,0.098452445889702
367,0.239513786805732,0.0208204465977721,0.0212997612415259,0.0817726015852371,0.636593403769733
368,0.0257337620640977,0.0000551654916421738,0.631626245827885,0.195397050041591,0.147187776574784
369,0.00794011785516349,0.0419918567609014,0.367362356062406,0.00417566021215468,0.578530009109374
370,0.71616435394148,0.00000000101809548829718,0.0373668355139318,0.0196557246002014,0.226813084926291
371,0.522389228990094,0.00306666241909331,0.0271602144432219,0.242709672690018,0.204674221457574
372,0.856185844739897,0.00000139800300957692,0.00231966744930706,0.0198725179729818,0.121620571834805
373,0.944159943791395,0.000470930293104602,0.00156033129732079,0.0219994600898305,0.031809334528349
374,0.220535821951393,0.000885316400650687,0.0352454117260757,0.531753651794091,0.211579798127789
375,0.000000190899484219688,0.0103130074844468,0.0243245073686343,0.00370730971390851,0.961654984533526
376,0.353234520294173,0.00127540578862627,0.029103552097087,0.361133887859411,0.255252633960703
377,0.519388954536506,0.000699048555794677,0.0553692854435699,0.215686184108319,0.208856527355811
378,0.973057802595835,0.00000614643887484771,0.00160222841917107,0.0174208476903356,0.00791297485578386
379,0.836161101784304,0.000000594515396960675,0.0000171879840482049,0.0936507128545814,0.0701704028616695
380,0.0883456151870135,0.0141592087469584,0.0500604129715469,0.0585444498554511,0.78889031323903
381,0.589012940718711,0.00578996494187761,0.0526845528663049,0.0106745508254814,0.341837990647625
382,0.0000650395164283337,0.0145631756416241,0.0191678728400819,0.00188363662895476,0.964320275372911
383,0.0000731463595538109,0.128955702557543,0.0409050693302121,0.00779936810733822,0.822266713645352
384,0.011840302938757,0.00744310420861322,0.349249270045951,0.00607814525816288,0.625389177548516
385,0.580336382647101,0.0000598097775638178,0.0036095367124677,0.276615940948706,0.139378329914162
386,0.320043277960041,0.000317424497657222,0.0549683870616076,0.240348421888614,0.384322488592081
387,0.0000580045817493107,0.0123857470973419,0.039401953522583,0.00509532663372325,0.943058968164603
388,0.744884580494912,0.0000000274870889878487,0.00106728493280356,0.169440228121805,0.0846078789633905
389,0.731904494412861,0.000998082319199689,0.00481516629767233,0.0475690693595205,0.214713187610747
390,0.721667634873462,0.00190503585528625,0.0119595814582584,0.0449148483726588,0.219552899440334
391,0.00887687436440251,0.00164840962362219,0.368400751444524,0.432064530621527,0.189009433945925
392,0.00000035000236065734,0.0140574830468426,0.02524486218278,0.00487440540305769,0.955822899364959
393,0.732056448041968,0.00113827844872173,0.00878967559083985,0.0335990961323939,0.224416501786077
394,0.0782164904686469,0.0000547574670329579,0.0852569702593061,0.0452861978990426,0.791185583905971
395,0.537469894575278,0.000113009335699401,0.0561911778958177,0.295573969707375,0.11065194848583
396,0.126651052103713,0.00191655649925271,0.0910553877662979,0.657252863994859,0.123124139635878
397,0.0346604299022062,0.0000516096374960477,0.209569375356706,0.198442836571881,0.557275748531711
398,0.137257837219161,0.0420452906118554,0.0407590741337714,0.0715486302619587,0.708389167773253
399,0.642474479828463,0.000563913173072739,0.00647671239736466,0.175449072203916,0.175035822397184
400,0.536164777994463,0.0254360108656301,0.0038765300308543,0.278231069492813,0.15629161161624
401,0.74299502742483,0.00224526173441263,0.0156143307599515,0.00399277758340179,0.235152602497404
402,0.635920421049839,0.000069455577467388,0.000212567994731238,0.363004744208531,0.000792811169431371
403,0.814917804771693,0.000568330091211389,0.00215629839869287,0.137455075128242,0.0449024916101609
404,0.0000397511097851021,0.0559785408012201,0.0319862006143061,0.00349967554080922,0.908495831933879
405,0.792422596854459,0.00198054031066533,0.0264788124724799,0.0110282668403068,0.168089783522089
