ID,Adoption,Died,Euthanasia,Return_to_owner,Transfer
1,0.0545502872692192,0.0294359410867125,0.0506396333251819,0.225053272824379,0.640320865494507
2,0.540175768912703,0.00054672850592508,0.0211318717040294,0.30988356011192,0.128262070765423
3,0.654651839822373,0.00665250719170497,0.0123416916915003,0.0539586345982776,0.272395326696144
4,0.357926646962607,0.0000000195779987486123,0.0270082075927815,0.311180976613656,0.303884149252956
5,0.276745545881021,0.000875114053047652,0.0532303226251761,0.431442000232943,0.237707017207813
6,0.226495135283932,0.00319154296637237,0.0544777708689843,0.50674052564453,0.209095025236182
7,0.208151664216846,0.0102414041567773,0.221788538773253,0.398048367174774,0.16177002567835
8,0.67642792610814,0.00524877343810634,0.00921855880723318,0.0430529713041117,0.266051770342409
9,0.669802757481134,0.000000000934576197885464,0.00441938313594317,0.257231284397888,0.0685465740504585
10,0.653448052075816,0.000943393901286793,0.0119340151067935,0.161440336637679,0.172234202278425
11,0.646145166692719,0.000755834445560295,0.0114625743003538,0.15526964083541,0.186366783725957
12,0.0221358210867874,0.00427373662504454,0.159614576201653,0.360013332566536,0.45396253351998
13,0.761482085738114,0.00168555252656847,0.0102653933546927,0.105881607517959,0.120685360862665
14,0.504112921672529,0.00154176140318946,0.134631925372642,0.150735874971034,0.208977516580605
15,0.780584896412136,0.00128614201216804,0.00643091009147098,0.178757281939758,0.0329407695444673
16,0.71656115944941,0.000942130500960458,0.00654561737125901,0.207720916715989,0.0682301759623817
17,0.322818292762015,0.000770626720928471,0.0418734926707032,0.423326859977674,0.21121072786868
18,0.406867483767666,0.00000000137798662705471,0.0142194174104382,0.51401927828983,0.0648938191540796
19,0.403749912301762,0.00413364695380152,0.0308624195725242,0.198992374724771,0.362261646447141
20,0.0447297975770526,0.00783542887030377,0.240207453265549,0.0336958005263843,0.67353151976071
21,0.652326085312617,0.0022407506326688,0.0331520686266177,0.180563578432954,0.131717516995142
22,0.000000000000000216597481042851,0.0160600302588161,0.0377248965968078,0.005893473933826,0.94032159921055
23,0.730984722936055,0.000834100596923024,0.00682231104756347,0.136960480067502,0.124398385351957
24,0.0000000489407716083799,0.00929998957242379,0.0217531003818462,0.0047993623253956,0.964147498779563
25,0.764482555646009,0.000930108447182073,0.00616226406467836,0.111206905794679,0.117218166047451
26,0.598806747876143,0.00197068455931389,0.0348424529902386,0.0042702265889724,0.360109887985332
27,0.800209280003374,0.00371643008692331,0.00366160972125531,0.0118104011821601,0.180602279006287
28,0.0280535766104595,0.0161855207285908,0.169015600853607,0.0346927631701733,0.75205253863717
29,0.305324081593763,0.000879056652750393,0.0597185333816649,0.420073252360356,0.214005076011465
30,0.289518009284077,0.00094110233198942,0.041462818734144,0.471071232459076,0.197006837190714
31,0.365892960617826,0.00104052893623943,0.131943010164629,0.084368499219386,0.416755001061919
32,0.740390067229724,0.00315134346785434,0.00615259731874421,0.133938474842901,0.116367517140776
33,0.349357081086749,0.00151853116315039,0.154448593434614,0.0147640089815107,0.479911785333975
34,0.889387117578402,0.00324736587657062,0.00690190899129126,0.0435668054475922,0.0568968021061442
35,0.13730862420339,0.0270197653314263,0.0327830416012321,0.0527548502891366,0.750133718574814
36,0.581565374517901,0.0000000101505046704049,0.0111963591351078,0.208704894682569,0.198533361513917
37,0.308170649708831,0.00668716335629538,0.143378838741616,0.0216832335275604,0.520080114665697
38,0.749310362618618,0.00116073373569482,0.00785060149045007,0.137014832793991,0.104663469361246
39,0.345599344748382,0.000808912509964026,0.0414397270225861,0.398369167962589,0.213782847756479
40,0.475864890086187,0.00000000142485137441363,0.0817174366656271,0.0369880007063692,0.405429671116965
41,0.213031337786702,0.0000000125471319072911,0.0225795037313831,0.180865265748354,0.583523880186429
42,0.0000000263038943364974,0.0133472910881113,0.0409198518905638,0.00779705103948888,0.937935779677942
43,0.745146321970734,0.00786803513716792,0.00759301064398723,0.0367754736243885,0.202617158623722
44,0.0000000151130040353534,0.0425798050245143,0.048121410194449,0.0111344630910773,0.898164306576955
45,0.328724212686273,0.00448918296125183,0.166028735576572,0.0195334410306582,0.481224427745245
46,0.379887390880362,0.00000000160085846384327,0.0873968533584621,0.0797707103812106,0.452945043779107
47,0.443701930131092,0.0066949331069733,0.0463159607184978,0.169386756415448,0.333900419627989
48,0.482726888792184,0.0022009520214437,0.0562740348472815,0.34296652840768,0.115831595931411
49,0.372486835004211,0.000797677496989128,0.0534497727423759,0.366221686510415,0.207044028246009
50,0.0641039182659335,0.00612764893369675,0.0611958937320903,0.260909146146034,0.607663392922245
51,0.119690594542978,0.0185091409779675,0.0778514115361042,0.0718738398435617,0.712075013099389
52,0.457778997337962,0.00313897394097156,0.0290498163413754,0.379395332730161,0.130636879649529
53,0.806015790499836,0.00205698067019444,0.00745366248890589,0.0293767882756786,0.155096778065385
54,0.119411878975892,0.0125386800764576,0.0668133833212126,0.0681806622908819,0.733055395335556
55,0.0000000479049065145869,0.0105665777263151,0.293388862236769,0.0113534128082729,0.684691099323736
56,0.516172757062146,0.00258087954840902,0.0531409686885149,0.12689330533716,0.301212089363771
57,0.583583582667828,0.000651742054425019,0.011623048524608,0.215704718111276,0.188436908641864
58,0.000000000000000215756597714529,0.0227333720676658,0.0270000182910702,0.00677401289655029,0.943492596744714
59,0.0292563500398362,0.0150561943385004,0.225860631222712,0.0146162461750071,0.715210578223945
60,0.592960055447297,0.000995060271634811,0.0107184780159759,0.216548754005402,0.17877765225969
61,0.400000317014645,0.00000000251170177755443,0.245701462253482,0.137601500632965,0.216696717587206
62,0.246858887990466,0.00393440079536808,0.0597437723623004,0.464557942761403,0.224904996090463
63,0.603617088990946,0.00730906914061946,0.0128201289005184,0.07631839267226,0.299935320295656
64,0.0000000179431297519888,0.0504995995457762,0.0420311238957934,0.0070257710382722,0.900443487577028
65,0.0495928766820654,0.0380429066924058,0.145064133509154,0.00655596434085271,0.760744118775522
66,0.815688832515643,0.000896168181430314,0.00458951101220194,0.149560538946509,0.0292649493442158
67,0.870335170314742,0.00113796514437837,0.00440610841699225,0.0429466019580803,0.0811741541658069
68,0.00407602564252485,0.0065636553956175,0.284897364265506,0.442346153187734,0.262116801508618
69,0.316412743215951,0.000747091753401135,0.0561317125798264,0.467847011524823,0.158861440925999
70,0.0924743649267507,0.0223997250964799,0.0797458446854466,0.00523331127251215,0.800146754018811
71,0.0557176199329625,0.00448097799250587,0.120933252811477,0.0268809492456324,0.791987200017422
72,0.766915206955694,0.000857576239962531,0.00669781881504197,0.119324349536548,0.106205048452754
73,0.000000000000000204014119511424,0.0515746969023815,0.0622062818724197,0.00606260920341916,0.88015641202178
74,0.211799454251808,0.00262150420517069,0.0481234719063907,0.52825443127049,0.20920113836614
75,0.0000000339230804447971,0.0171077586091724,0.0366660472924657,0.00608780559041378,0.940138354584867
76,0.180258227048773,0.0522094947069931,0.0382798446256394,0.0408835018344619,0.688368931784133
77,0.75398125938375,0.00280940416241071,0.00494324149153198,0.0366190998577442,0.201646995104563
78,0.256979598654778,0.00681935593848147,0.15425937262834,0.0315282713516278,0.550413401426772
79,0.330400038858285,0.000569798042357395,0.0414642578225754,0.440482341772165,0.187083563504617
80,0.639993275478373,0.00310322303009004,0.00872981088815317,0.0611697791519051,0.287003911451479
81,0.0000000665141812001792,0.0190077102663087,0.0302703929579592,0.00442136053007383,0.946300469731477
82,0.000000000000000236885210678038,0.0175222875082285,0.0383046283792846,0.00786776538484583,0.936305318727641
83,0.733927356342446,0.00105897626898287,0.00964193104663777,0.153950565170433,0.1014211711715
84,0.0000000434268333307933,0.0836726368192951,0.0297473709901926,0.00528202358298183,0.881297925180697
85,0.431763972159159,0.00000000128715299255851,0.0248868049380326,0.457600942086747,0.0857482795289088
86,0.0759358471168278,0.0155707148699455,0.160810836943822,0.00672860917142337,0.740953991897981
87,0.0436012358556101,0.00662269587653859,0.156449833370481,0.487971322716505,0.305354912180866
88,0.664290416105228,0.00130045060240209,0.0155114959771046,0.126981321656939,0.191916315658327
89,0.0972086360019194,0.0126725861336825,0.11979632176323,0.00411597682683736,0.766206479274331
90,0.791365425575408,0.00000000107516188687317,0.00908276970726394,0.0173964682856288,0.182155335356538
91,0.0270229365678439,0.0444699424459403,0.300780046844521,0.0137944782041448,0.61393259593755
92,0.00861284518422997,0.0311690617661007,0.334163093917327,0.0200852536446041,0.605969745487738
93,0.698280445134081,0.00132229068411254,0.0104726951800859,0.0568654344091203,0.2330591345926
94,0.483589343251849,0.000932963148626954,0.0279073987172631,0.367102300508227,0.120467994374034
95,0.319676208570256,0.00377547283435608,0.115519310359056,0.0143610129083832,0.546667995327949
96,0.557052876267268,0.00000000176962086396035,0.0143785033364877,0.379068998317552,0.0494996203090712
97,0.488203093040377,0.00104206145149073,0.025624094860261,0.328160041098399,0.156970709549472
98,0.000000151504612058837,0.0241443188649742,0.0280936362958934,0.00672352851753293,0.941038364816988
99,0.111756979998279,0.00828087490545432,0.0471094050539532,0.0441423360386703,0.788710404003643
100,0.427699102172826,0.0000000010071418902053,0.00859218503446403,0.381167781742902,0.182540930042666
101,0.663914766809915,0.00243226949379134,0.0134846446035435,0.0570241629210292,0.263144156171721
102,0.883457724951944,0.00204906353658927,0.00482285593716789,0.0454345348952999,0.0642358206789993
103,0.338895717063025,0.00399083799001584,0.0196954685835097,0.463428883883196,0.173989092480253
104,0.567313131742296,0.00171542524853788,0.0109730141275805,0.24545926441449,0.174539164467096
105,0.645687568332022,0.00396466245545901,0.00635025600044269,0.0589178703703865,0.28507964284169
106,0.71289623968721,0.00123324145722154,0.00732219443824183,0.154226690636861,0.124321633780466
107,0.29295397342962,0.00114468685900882,0.0511196564018932,0.444862849738243,0.209918833571235
108,0.0501019897798604,0.00411554711350435,0.150043009522156,0.352533941507082,0.443205512077397
109,0.811085019204421,0.000000000890866443540714,0.00625423611081568,0.0594190801054839,0.123241663688413
110,0.398640504594289,0.00459567484229437,0.051088307975908,0.223000128014611,0.322675384572897
111,0.511563047181893,0.000704754874573446,0.0355097626122933,0.31545504378001,0.13676739155123
112,0.722571568205984,0.0029093253433457,0.0150825544603644,0.139781426326894,0.119655125663412
113,0.231455865345281,0.00347237531833977,0.0504528842489,0.485648191581031,0.228970683506449
114,0.278689386091519,0.00106106118191513,0.0437460024868006,0.461365035359132,0.215138514880633
115,0.063831141725401,0.0322633879939245,0.146889496913441,0.00541915012501501,0.751596823242219
116,0.645011284956711,0.00505140519287262,0.00674460018167011,0.18924247217606,0.153950237492686
117,0.764482555646009,0.000930108447182073,0.00616226406467836,0.111206905794679,0.117218166047451
118,0.00831547363285424,0.0106982969956996,0.16452923853852,0.38176606835823,0.434690922474696
119,0.0548566119439309,0.00231576555903905,0.0860123513167716,0.750237840986483,0.106577430193776
120,0.342055457945055,0.00168323646286235,0.159782202942659,0.0288701317882187,0.467608970861206
121,0.618709647567406,0.00271110151640262,0.00800330162839973,0.0563260369605242,0.314249912327267
122,0.806015790499836,0.00205698067019444,0.00745366248890589,0.0293767882756786,0.155096778065385
123,0.687538612720464,0.00189692492692348,0.0153106642169942,0.0639114251682613,0.231342372967357
124,0.000000000000000219087142708753,0.0112907399694317,0.0367147792843145,0.00534436271781841,0.946650118028435
125,0.0000000236769943233725,0.0000000102561673676202,0.0127528303834426,0.0276575861318061,0.95958954955159
126,0.786124662733388,0.00000000150373942838547,0.00202738300513877,0.118088372100293,0.0937595806574413
127,0.288414063442494,0.00520323950226157,0.161636321633466,0.018030333582551,0.526716041839227
128,0.78580570086254,0.00767293090242544,0.00650070525809611,0.0312482299646637,0.168772433012274
129,0.822502471991614,0.00173213737299627,0.0089009115859644,0.0717528891876557,0.0951115898617699
130,0.81481595767814,0.00209721849207306,0.0123122199187837,0.0828919948627092,0.087882609048294
131,0.319239387009456,0.00000000164231864063334,0.0319143466585872,0.434301289462793,0.214544975226844
132,0.839068877680137,0.00251027271643081,0.010706664798669,0.0537723208502689,0.0939418639544943
133,0.572978223345393,0.00315393737212041,0.0271605462601474,0.00464036053683889,0.392066932485501
134,0.222454756943636,0.00000000373550838350527,0.0165290493307332,0.461101593038105,0.299914596952017
135,0.728443633364377,0.0013686367674258,0.0261741866536589,0.085498267229668,0.158515275984871
136,0.45168996174561,0.000997013273969899,0.0266761886212575,0.447889388033148,0.0727474483260146
137,0.648469721498833,0.00289136744337739,0.043093116478394,0.1207732258682,0.184772568711196
138,0.000000000000000222660765671423,0.018524453959439,0.0251128032822559,0.00461599953330233,0.951746743225003
139,0.538560828524105,0.000781767135730202,0.0284196535311497,0.31256495702849,0.119672793780525
140,0.128555436054185,0.0040180502966608,0.00814341884961767,0.145276884141744,0.714006210657792
141,0.642903981350191,0.000876206722924512,0.00878385926859392,0.163328495925897,0.184107456732393
142,0.120569305456534,0.0183670738227349,0.0551937260263904,0.0528367294333801,0.75303316526096
143,0.405879279387093,0.00000000103546740935864,0.0350317282011729,0.371844657113965,0.187244334262302
144,0.355436911208154,0.000838036930790012,0.0382175467189318,0.40866661493817,0.196840890203954
145,0.582418174157949,0.00569362038727176,0.0203689255766741,0.174325722920997,0.217193556957108
146,0.354601757656985,0.00202275825434764,0.0596659227039528,0.388751429759899,0.194958131624816
147,0.516893783561007,0.00000000245129726785798,0.0350896318010189,0.130447949095936,0.317568633090741
148,0.426533095542392,0.000874934359787567,0.0366142774199645,0.484174087307094,0.0518036053707624
149,0.046724510468629,0.0178770668943238,0.0997382523656553,0.00710937565455418,0.828550794616838
150,0.0820234944222381,0.0169898635736577,0.0626621610873488,0.0785554762494538,0.759769004667302
151,0.447059750965895,0.0019528268842867,0.135689294231012,0.0154072492684046,0.399890878650403
152,0.0140676166857935,0.0085255048085164,0.388476513041939,0.0174620644781951,0.571468300985556
153,0.630789426034654,0.000800213352929343,0.00816612662368015,0.181742368633746,0.17850186535499
154,0.0127883273721698,0.00475056044682165,0.206655221520047,0.310308121062793,0.465497769598168
155,0.616693876852431,0.00145821114854824,0.0429685831465593,0.0198907883493487,0.318988540503113
156,0.646145166692719,0.000755834445560295,0.0114625743003538,0.15526964083541,0.186366783725957
157,0.305324081593763,0.000879056652750393,0.0597185333816649,0.420073252360356,0.214005076011465
158,0.0000000757712895745963,0.0279398517760145,0.0199914137264886,0.00352603801206036,0.948542620714147
159,0.560803929188201,0.00167980444561704,0.0422037887872041,0.186683569381547,0.208628908197431
160,0.383712399589805,0.00531746959809406,0.0277037677921109,0.431770837170926,0.151495525849065
161,0.467986346587906,0.00000000123113701246064,0.0120353267336524,0.345608139270008,0.174370186177296
162,0.607383030831003,0.000543064242613589,0.0115743066182422,0.222374170375832,0.158125427932309
163,0.000000000000000215402110293976,0.0228727829159954,0.0315897863071445,0.0264642722623091,0.919073158514551
164,0.799788659443245,0.00299316837395245,0.00479836984263168,0.0231300791784038,0.169289723161767
165,0.228980688378102,0.00457678621849514,0.0516189843095808,0.490777027275556,0.224046513818266
166,0.712812949677706,0.00255942829284471,0.00957527134924653,0.0327945259249682,0.242257824755234
167,0.703495670855061,0.00273035210989231,0.00880177272999051,0.161836193968904,0.123136010336152
168,0.472978551450217,0.00266155197124669,0.0294878979792937,0.360844978647085,0.134027019952157
169,0.612027770359497,0.00124618187974575,0.00683027863881902,0.323727044577824,0.056168724544115
170,0.580183060507268,0.000910880976663801,0.0119613946759878,0.226151560691557,0.180793103148523
171,0.0096124153249103,0.0360071726630586,0.336346679620558,0.0166079288441393,0.601425803547334
172,0.381063796496971,0.00105451118447389,0.0544140291202794,0.356632431255885,0.206835231942391
173,0.487624389453092,0.00110908146285257,0.053503225620041,0.383158409032282,0.0746048944317328
174,0.289310801408391,0.00446036524416864,0.0607086358054753,0.427754645786444,0.217765551755521
175,0.294877010479652,0.000978758194724556,0.0524361649375924,0.443257158660623,0.208450907727408
176,0.17278448572673,0.024454632485566,0.0595814676337845,0.054742408867467,0.688437005286453
177,0.310112655895377,0.000977146840689479,0.0715435403170023,0.38826626305286,0.229100393894071
178,0.808403284476857,0.00284910374429861,0.0110940969910847,0.0732813753859766,0.104372139401783
179,0.60346753185174,0.00241549376563412,0.0402791096145201,0.0440221547612942,0.309815710006812
180,0.146051457415873,0.0171885728745295,0.158943611202131,0.0193399971967807,0.658476361310686
181,0.0000000291174224987377,0.0198520073003529,0.0423102780060947,0.00521644025297972,0.93262124532315
182,0.478128414924245,0.0218152196700016,0.0372621209730768,0.0555233290042607,0.407270915428416
183,0.576204808095611,0.00485580285700581,0.0176382819721655,0.196750596201649,0.204550510873569
184,0.0492885399211696,0.00762915636377816,0.0242761154304706,0.263016963496859,0.655789224787723
185,0.538560828524105,0.000781767135730202,0.0284196535311497,0.31256495702849,0.119672793780525
186,0.380089456401437,0.00417087135755076,0.0274032195504083,0.456150403943006,0.132186048747597
187,0.0000000550707184976393,0.0168764542326279,0.0402844839080047,0.00785637429570323,0.934982632492946
188,0.259083440024293,0.00240580195397299,0.0426396271817057,0.431838426432808,0.264032704407221
189,0.636362094336657,0.0006611050469906,0.0100699540865301,0.183990178333809,0.168916668196014
190,0.745021511530568,0.00106965961505517,0.00834398356185098,0.180012138647734,0.0655527066447918
191,0.442883228343267,0.000706868707419399,0.0263886833574031,0.462294142844961,0.0677270767469494
192,0.536775102438243,0.00180113055766923,0.0440668666706228,0.299516212445625,0.11784068788784
193,0.302709307405573,0.00000000992855890285247,0.0377804121041085,0.175215358400615,0.484294912161145
194,0.585711042919875,0.00113826887859638,0.0329895427893111,0.0324778434610026,0.347683301951215
195,0.756263521684222,0.0012395553822449,0.00798706645131727,0.104502564978418,0.130007291503798
196,0.691217292063113,0.00153833168056804,0.0108776767166361,0.0541860921015061,0.242180607438177
197,0.757543976409936,0.00101076760975608,0.006997825817714,0.183119271115472,0.0513281590471219
198,0.733927356342446,0.00105897626898287,0.00964193104663777,0.153950565170433,0.1014211711715
199,0.317742266590385,0.00334377259565333,0.0407452310635153,0.416816110697779,0.221352619052667
200,0.742748323479929,0.00000000446076306322561,0.00173663538708951,0.149498666525002,0.106016370147216
201,0.000000000000000242596880562373,0.015677982127929,0.0339612093450396,0.00657017116700229,0.943790637360029
202,0.450500238014676,0.00186970347720965,0.0417117300079963,0.16875531875952,0.337163009740598
203,0.716352954972155,0.00131513806600194,0.0104668498986803,0.214628723778963,0.0572363332841999
204,0.773237237777546,0.00000000156715964651513,0.0395725708216558,0.0729300298940816,0.114260159939557
205,0.0338828007389071,0.00819495456487309,0.169123239249319,0.484401844663213,0.304397160783688
206,0.501853151096681,0.00129716260542584,0.0378663171513681,0.0977219538779146,0.36126141526861
207,0.595968244124764,0.000625466442102468,0.0120598923340872,0.183052530005996,0.20829386709305
208,0.0446994076223358,0.00693430065145878,0.160411743321301,0.495766686557981,0.292187861846923
209,0.217891890773464,0.00227103220500474,0.0526723618741934,0.530617739979252,0.196546975168087
210,0.496795668212547,0.00000000121539161753755,0.0210880972574381,0.433007269223907,0.0491089640907169
211,0.0947387677377114,0.0517709200826397,0.137521015411637,0.00475548389483541,0.711213812873177
212,0.255029333761123,0.00380574147402705,0.0579136824382082,0.479132897369466,0.204118344957177
213,0.503370963259426,0.00105070936646315,0.0329548157681214,0.345502407569089,0.1171211040369
214,0.645176008477251,0.00000000168798385563409,0.0219240900850279,0.0173801745085423,0.315519725241195
215,0.0000000331858790943812,0.011101719156285,0.0323956989908616,0.0064972503242352,0.950005298342739
216,0.582091061393578,0.000727885916082253,0.10038954601443,0.122979150633016,0.193812356042894
217,0.685036002727353,0.00869294677772482,0.0236829831904003,0.00418951946092445,0.278398547843598
218,0.693857181665439,0.00297823534692766,0.00710585813513236,0.0338180868438014,0.2622406380087
219,0.580914924157419,0.000802286210503193,0.0138838394900256,0.201545058344136,0.202853891797916
220,0.352005633571559,0.00000000140977070697019,0.0299990415405801,0.361270430534186,0.256724892943904
221,0.00935477570007928,0.0134907534535644,0.0899865213762304,0.427785494382489,0.459382455087637
222,0.0491872684474272,0.040472575308242,0.138400403886345,0.00639673897815899,0.765543013379827
223,0.149234038460151,0.0663540690283456,0.0532002753599123,0.0451315609743905,0.6860800561772
224,0.637837659176507,0.000822903684325013,0.0107736429401013,0.175071560642703,0.175494233556365
225,0.00871295607623451,0.0036637547576998,0.336312249830665,0.546852168163625,0.104458871171776
226,0.37090548199237,0.00090802576586004,0.0441170102621103,0.38102840589624,0.20304107608342
227,0.114547422709375,0.0112438504509195,0.117447574629588,0.00942299621248764,0.74733815599763
228,0.000000000000000238420876570954,0.00776808209958927,0.0317744364945024,0.0307812786561297,0.929676202749778
229,0.303791623349815,0.00000000183753889446942,0.0411735070961091,0.481257074332349,0.173777793384189
230,0.109671774238598,0.0571335886250776,0.0988612998785676,0.00428361018373597,0.73004972707402
231,0.892331715336729,0.002346532318653,0.0068196824832786,0.0432097623303579,0.0552923075309813
232,0.714118978424962,0.000000000906645131103259,0.00282613828591731,0.134654882905093,0.148399999477383
233,0.000000138198834622523,0.0214892124428406,0.0136389416164193,0.00659494986117548,0.95827675788073
234,0.016998840405446,0.00417421552557986,0.182268263393045,0.293829717596962,0.502728963078966
235,0.431775621612035,0.000773445467914584,0.0515429926788617,0.455333963040185,0.060573977201003
236,0.640204786247419,0.00571301135919476,0.0139563840840742,0.0455723821428261,0.294553436166486
237,0.433243513073292,0.00360656494212659,0.0355881883684221,0.405306228680429,0.12225550493573
238,0.0567046288647635,0.00561853569038107,0.169701592396846,0.0187745073581983,0.749200735689811
239,0.807284550102388,0.00119992184325116,0.0053241468575103,0.148476261430718,0.0377151197661323
240,0.719148263889832,0.00000000114009818737602,0.0367992922704309,0.00399889746341918,0.24005354523622
241,0.771878931181032,0.000800370011091132,0.0419402525467468,0.0386934903209846,0.146686955940146
242,0.263716666431367,0.00172886913545169,0.04162738068008,0.4177004629477,0.275226620805401
243,0.691888892498637,0.00217194942388267,0.0221274292445143,0.00318920412387982,0.280622524709087
244,0.513827129449153,0.00178350002711276,0.0548431804877904,0.145268023594901,0.284278166441043
245,0.311975324671328,0.0011054239657812,0.0618406350710427,0.42116582805015,0.203912788241699
246,0.303934484886657,0.0010399863606043,0.0629628581439134,0.443915624408339,0.188147046200487
247,0.643281039382707,0.00187715135085497,0.0181740045503226,0.050658736697576,0.286009068018539
248,0.629670330243331,0.00317831958031354,0.00756112366149762,0.0463446274150934,0.313245599099765
249,0.213589765910146,0.0011454390696634,0.0355042903321821,0.565570577996969,0.18418992669104
250,0.778143523712719,0.00223200725392724,0.00764473290330298,0.0413948644441685,0.170584871685882
251,0.000000013986004564396,0.0213900698228127,0.0403121392150953,0.0259342581963003,0.912363518779787
252,0.302205603392117,0.000738411669102036,0.0702242539561477,0.397751952604002,0.22907977837863
253,0.0000000490354060217999,0.0234539355830727,0.047954588906793,0.00823794667429912,0.920353479800429
254,0.303934484886657,0.0010399863606043,0.0629628581439134,0.443915624408339,0.188147046200487
255,0.000000051276984197333,0.0194517003264611,0.0257090956282276,0.0051817199174774,0.94965743285085
256,0.334396104281413,0.00505082170710916,0.0146482758632915,0.412398004370261,0.233506793777926
257,0.223641925058152,0.00234470651000184,0.165700928695226,0.133938291302518,0.474374148434103
258,0.721194473063881,0.00176023501151163,0.00978572784817008,0.0322307281752921,0.235028835901146
259,0.246422854257921,0.00366267124760808,0.0624989183081588,0.466473080552727,0.220942475633586
260,0.592685340247313,0.00113100028183033,0.0438282713351028,0.0216039033212677,0.340751484814486
261,0.536414645738227,0.00242730347575029,0.0108186456331095,0.242618783189097,0.207720621963817
262,0.753159870628442,0.00112006136615022,0.00662752080849955,0.117888421907855,0.121204125289053
263,0.580476379661404,0.00117244334466232,0.00809803970322843,0.238412986590694,0.171840150700012
264,0.253498557819929,0.0000000082886761151996,0.0388293717827116,0.487343458169715,0.220328603938967
265,0.460785452401855,0.00355173122465272,0.0238783331421591,0.362858863028987,0.148925620202347
266,0.379137092499595,0.0043557818181827,0.0636721808542297,0.190472529344634,0.362362415483358
267,0.0530020308654776,0.0095108679933606,0.183358005736144,0.0225555607294109,0.731573534675607
268,0.0867246817791856,0.0164947907465734,0.127166406288761,0.00433086297300175,0.765283258212479
269,0.0000000604732753011868,0.0222709745044656,0.0826559553596507,0.008249088643007,0.886823921019601
270,0.604079662393604,0.00238645341240228,0.0103636237067414,0.0620567150045187,0.321113545482734
271,0.161074345080785,0.0180075760621193,0.146886265911381,0.00928819357354086,0.664743619372174
272,0.314878256099692,0.00700764899657699,0.160599476832583,0.0196495401546015,0.497865077916546
273,0.176220159978718,0.00739942141545707,0.0664367432006519,0.216399620494218,0.533544054910955
274,0.234595494978269,0.00113149646919407,0.115579330936781,0.149994309239893,0.498699368375863
275,0.475049289653006,0.00805374580842635,0.117978691603052,0.0186471914099222,0.380271081525594
276,0.0113451973455417,0.0295813051591502,0.337643814616805,0.0145618744215547,0.606867808456949
277,0.000000000000000241786159055715,0.0164237069624216,0.0297553665647744,0.00606304591794659,0.947757880554857
278,0.411940231358342,0.00254277677877852,0.153110859392911,0.0175775836327188,0.414828548837249
279,0.584210846181003,0.000962912789297962,0.0149812662376223,0.130276395187063,0.269568579605013
280,0.141796187710712,0.0552466897453071,0.0383940824282733,0.056308554557407,0.708254485558301
281,0.497798768741025,0.000918650218582429,0.0241184432054026,0.335102672585304,0.142061465249686
282,0.258743068119957,0.00089105572712763,0.0347071199768098,0.517388363654241,0.188270392521865
283,0.0603539918952487,0.00408975226694362,0.118321927693481,0.0288238120733665,0.788410516070961
284,0.780547361419307,0.00180090411855242,0.00791490226298539,0.0376942292297126,0.172042602969442
285,0.227728712393464,0.006063363902127,0.085265300600178,0.508906747661838,0.172035875442392
286,0.317932206580467,0.00110025332667511,0.0558814640232606,0.426892801246018,0.19819327482358
287,0.000000155693292454051,0.0461858071695692,0.107912435978229,0.00487955578840597,0.841022045370503
288,0.0000000259107540383049,0.018374579925708,0.0559750366816115,0.00736507106397909,0.918285286417947
289,0.621035577051992,0.000782575382285196,0.00863858784569185,0.186783231855159,0.182760027864872
290,0.465520078345162,0.00126938936013278,0.0367050229027933,0.360056144934881,0.136449364457031
291,0.759356984964741,0.00252630615126765,0.0358041473865436,0.00643192750499303,0.195880633992455
292,0.896223729848182,0.00141232899944137,0.00461606287328433,0.0407487525502559,0.0569991257288368
293,0.5604607849994,0.000754374070835423,0.0197584607852482,0.00487781194925538,0.414148568195261
294,0.0183749162986921,0.0117388523058966,0.17563920648099,0.172840467149344,0.621406557765077
295,0.423295821052247,0.00103839963607296,0.0461524389153397,0.467584384617923,0.0619289557784169
296,0.0626052102958238,0.00633313314972848,0.139324692295293,0.0273359573146758,0.764401006944478
297,0.294286765867379,0.000630569991146345,0.0424803911975144,0.459817463654598,0.202784809289362
298,0.047404120061596,0.0107214053256019,0.146664638864434,0.0278754111963864,0.767334424551981
299,0.56330450310709,0.000956930727318091,0.0309992986625886,0.276124583810481,0.128614683692522
300,0.415628169967714,0.00794804614935704,0.0650627425553861,0.169907553489703,0.34145348783784
301,0.413169949718955,0.000809084121860137,0.0489816253236372,0.463934777948802,0.0731045628867465
302,0.671703786481842,0.00161678591247708,0.0121866734451936,0.0384301179481684,0.276062636212319
303,0.765619014581362,0.00248943539785646,0.00799396242493707,0.0393236369719519,0.184573950623892
304,0.357835154954496,0.000818912213701063,0.0405795013109578,0.406345647788894,0.194420783731952
305,0.0106243974054753,0.00569770902371854,0.341630940701989,0.0582436219157643,0.583803330953053
306,0.381659605437054,0.00065792686842738,0.0915691920974298,0.513732256323599,0.0123810192734898
307,0.822502471991614,0.00173213737299627,0.0089009115859644,0.0717528891876557,0.0951115898617699
308,0.4676511629546,0.00194993836462039,0.0512384140904214,0.156387168873814,0.322773315716544
309,0.423944078040174,0.00295438521699224,0.00105986142854735,0.0321793262227829,0.539862349091503
310,0.0000000356633587104654,0.0288165457819745,0.0166153059582627,0.050378179632472,0.904189932963932
311,0.379137092499595,0.0043557818181827,0.0636721808542297,0.190472529344634,0.362362415483358
312,0.568346578888502,0.000828078995719824,0.0196908274708402,0.00407024613620165,0.407064268508737
313,0.0747401425283175,0.0117545177663202,0.144346315828974,0.00431597250326956,0.764843051373118
314,0.368964638599399,0.000882457311547388,0.0336608263024293,0.390231131550212,0.206260946236412
315,0.000000000000000229773060112273,0.0185435152246269,0.0122684624329473,0.0340528626033081,0.935135159739117
316,0.449577615983984,0.000000000503818262283653,0.00702176199576614,0.449538927568767,0.0938616939476642
317,0.398528355887245,0.000857247783871395,0.0200936678476615,0.501686786110943,0.0788339423702792
318,0.58653191419303,0.00106728426519171,0.034823162992621,0.0332600175613433,0.344317620987814
319,0.0000000560699360866607,0.00951312209259468,0.0217071747747982,0.00970330717904888,0.959076339883622
320,0.467407684906391,0.00135783304464248,0.0449916407007774,0.414650484053872,0.0715923572943181
321,0.289512265451956,0.00000000141298235557967,0.0869669675838556,0.226039959328665,0.397480806222541
322,0.000000000000000219185649229895,0.00959936812228377,0.0297679661787534,0.00416869807029346,0.956463967628669
323,0.000000000000000218251442319937,0.0149973996224858,0.0372554565905747,0.00418580439185055,0.943561339395089
324,0.586629114279425,0.00207701691590086,0.00901753564459756,0.0657034599301985,0.336572873229878
325,0.741089775913634,0.00132582339325013,0.00911330749724639,0.0384012365722829,0.210069856623587
326,0.721194473063881,0.00176023501151163,0.00978572784817008,0.0322307281752921,0.235028835901146
327,0.540860983865082,0.00000000577087009936698,0.00673796409800627,0.231043409427377,0.221357636838665
328,0.303693440127943,0.000891678966677142,0.0624271845542889,0.431231538179435,0.201756158171656
329,0.579753004505325,0.00273546381875795,0.0176864018932203,0.232400728685321,0.167424401097375
330,0.0220766494268545,0.0191972652357314,0.0646826693861191,0.402760597545859,0.491282818405436
331,0.205568477957463,0.00000000139168031538126,0.0873088211093026,0.612574898013162,0.0945478015283924
332,0.0443531643421722,0.0142190296857458,0.115265335596519,0.00602017538014337,0.820142294995419
333,0.815626987613905,0.00304412045681778,0.0129102736319148,0.0679718022769324,0.10044681602043
334,0.504960509352763,0.00223796462754755,0.0397253741456822,0.0320241412474725,0.421052010626535
335,0.0513068494679964,0.00867386317279255,0.190499466462057,0.0302291886199201,0.719290632277234
336,0.639779247785128,0.00183583839092473,0.0138779134332978,0.0533662332336839,0.291140767156965
337,0.0103044708903982,0.0300483221617521,0.348293681530347,0.0199245941660298,0.591428931251472
338,0.541756713417781,0.00280752078703144,0.0118714427947282,0.246765724776964,0.196798598223495
339,0.12617124734929,0.0132804907158311,0.226774055790878,0.0424569639156808,0.591317242228319
340,0.362996348835857,0.00080758503221925,0.0567564998192205,0.344546890243052,0.234892676069652
341,0.597842511125336,0.00204835909068125,0.127652898643816,0.0194891566863931,0.252967074453774
342,0.682443282579107,0.00167225502922509,0.0133762995781798,0.0375566953820876,0.2649514674314
343,0.00577475135136131,0.0086310601676211,0.362982807175646,0.0730468541629403,0.549564527142432
344,0.71900161202559,0.00241565696034545,0.00966059680614407,0.169339025879956,0.0995831083279649
345,0.780547361419307,0.00180090411855242,0.00791490226298539,0.0376942292297126,0.172042602969442
346,0.331920702626712,0.00000000172897769009746,0.0280808047864434,0.415489550632898,0.224508940224969
347,0.337576601330196,0.0000000016733540913862,0.0620262422205134,0.455573071491481,0.144824083284456
348,0.0838510814881228,0.0155757305358982,0.0837558587758751,0.0636478361285532,0.753169493071551
349,0.11742903274403,0.000939989468443902,0.122665786952599,0.657534663337963,0.101430527496965
350,0.239866903682743,0.00297221287460807,0.0585730734266582,0.473920619611691,0.2246671904043
351,0.597443060396565,0.000764725459237455,0.00489093083833431,0.176386082364065,0.220515200941799
352,0.000000000000000227264914658946,0.0139920764548804,0.0312238664510333,0.00465159607306188,0.950132461021024
353,0.39540057899293,0.000719495488095873,0.041652890162485,0.486784957130779,0.0754420782257104
354,0.414648212427132,0.00296345970058393,0.000773368778051283,0.00477888393408558,0.576836075160147
355,0.691342099299511,0.00518025949883934,0.0107576943962981,0.148811074696168,0.143908872109184
356,0.0443666511999347,0.0540432449077949,0.149038594336026,0.00690056828138393,0.74565094127486
357,0.559199125986103,0.00312093735373099,0.0400643521227637,0.0455693548601127,0.35204622967729
358,0.699537749987758,0.00340553098887418,0.0247962679879221,0.0269772931289056,0.24528315790654
359,0.340276313358554,0.0000000091506800090183,0.00000102274434079899,0.00000344385155504242,0.65971921089487
360,0.734659964360258,0.00247735561113485,0.041846379415886,0.0180737054213774,0.202942595191344
361,0.67808761806446,0.00110538000170159,0.0076643762670892,0.0316555389870149,0.281487086679734
362,0.0854885471749066,0.0168161129115921,0.0237157304226216,0.222750327629899,0.65122928186098
363,0.338415736834536,0.00106734094682426,0.030078301014746,0.403027886984419,0.227410734219474
364,0.571306826448626,0.0104897595441258,0.0107659115582498,0.0768534918365356,0.330584010612463
365,0.718940137069644,0.00182258571857408,0.00844724423910848,0.0294416569701664,0.241348376002507
366,0.00921679430460227,0.0332868507677968,0.556552861153412,0.0349895163378529,0.365953977436336
367,0.556304833111163,0.00224031564027195,0.034721145153113,0.0290544708767246,0.377679235218727
368,0.0129908072443208,0.00256260493935325,0.581951424718014,0.205171856402013,0.197323306696299
369,0.0108822665353155,0.0418646989677852,0.32948110748855,0.0146763949929997,0.603095532015349
370,0.694920295687996,0.000000000000000218663407340198,0.0140449263135165,0.020133016430342,0.270901761568145
371,0.60810416849209,0.00335452901437054,0.0107877663386952,0.178004881205188,0.199748654949656
372,0.786795974183741,0.000972424900775906,0.0303494611139318,0.0375691322704178,0.144313007531133
373,0.892757885790364,0.0022404340714079,0.00515638400544856,0.0332333469796916,0.066611949153088
374,0.261742670720085,0.00105723509941211,0.0387634165560022,0.485355027286438,0.213081650338063
375,0.000000000000000219549935956145,0.0118943043745973,0.0323687111724073,0.00495862163242315,0.950778362820572
376,0.321178294728975,0.000584342486958913,0.0441502652916517,0.40897809543572,0.225109002056694
377,0.608737610461939,0.000825500283283773,0.0173893596157938,0.164362176227855,0.208685353411128
378,0.829728508682283,0.00150870687738154,0.00722562139605443,0.126591130975947,0.0349460320683341
379,0.686199207135547,0.00000000108633433781718,0.00196036941791157,0.151852653198349,0.159987769161858
380,0.107326554042148,0.0156897536851181,0.0578415954642711,0.0594731129879393,0.759668983820523
381,0.596602091519751,0.00190059616534023,0.04815704044002,0.00629120674367413,0.347049065131215
382,0.0000000329909171974471,0.015859616969337,0.0221983773911038,0.0057606153733064,0.956181357275336
383,0.0000000343268947449935,0.0604327347871835,0.028955713467385,0.00687440306754662,0.90373711435099
384,0.0172476196228926,0.00831728009426533,0.329155842542625,0.0110686845624272,0.63421057317779
385,0.55024011174684,0.00000000330006725934343,0.00575537907036676,0.323441030234986,0.12056347564774
386,0.265583923839808,0.00607505580336449,0.078174224737406,0.43493186301936,0.215234932600061
387,0.0000000277721297503764,0.0142113244284828,0.0472465733951367,0.00717710162736609,0.931364972776885
388,0.658193232843521,0.000000000000000229038972536323,0.0170522631352469,0.201582306832044,0.123172197189188
389,0.684742258150864,0.00120549686322279,0.00527427400685786,0.044701642181509,0.264076328797546
390,0.7056444519378,0.00221787639485234,0.0130102325383388,0.040210817390671,0.238916621738338
391,0.00581514757633189,0.00291335231743805,0.300755235689307,0.441791724500166,0.248724539916757
392,0.000000000000000225363963671036,0.0160210959497007,0.0234779845299091,0.00458662766985703,0.955914291850533
393,0.698630975050004,0.00132452667124911,0.0100429734190103,0.0300330102422376,0.259968514617499
394,0.0495883593106264,0.00753097339723916,0.169210046373787,0.0322788567325103,0.741391764185837
395,0.224431430976995,0.00263128899522274,0.0661102083169866,0.475672126254285,0.23115494545651
396,0.115230781166531,0.000686890637599123,0.0904732986996151,0.695953077098309,0.0976559523979454
397,0.0386014980446623,0.00000000880071263872130,0.13474543368869,0.195544936455228,0.631108123010707
398,0.159621294096548,0.0451102023188306,0.0450771228857839,0.0654955809589765,0.684695799739861
399,0.621144220282302,0.000962813160249483,0.00816968790769975,0.172419326519893,0.197303952129856
400,0.448986553021908,0.00455697484314313,0.00714272821219927,0.283650452405702,0.255663291517047
401,0.697700752878636,0.00243167470099186,0.0189776146941169,0.00284976896365049,0.278040188762605
402,0.719814951837271,0.00126377300793061,0.00962875108486471,0.147779849662831,0.121512674407102
403,0.733654710516007,0.000955738236403058,0.00684695418579405,0.198423754798085,0.0601188422637108
404,0.0000000197139206566466,0.059315447104235,0.0402359011201345,0.00580045904566412,0.894648173016046
